-4.389 -4.744 -3.643 -8.497 -9.076 -6.084 -6.172 -6.754 -8.627 -5.329 -4.312 -3.247 -4.92 -4.846 -2.283 -6.939 -1.905 -3.162 -2.553 -3.684 -3.058 -2.822 -4.243 -1.923 -4.566 -2.82 -2.754 -2.492 -2.766 -4.002 -2.435 -6.578 -3.794 -5.224 -2.033 -3.746 -2.611 -3.648 -4.537 -3.729 -2.519 -3.362 -8.614 -3.151 -1.918 -4.349 -3.381 -3.114 -3.817 -4.961 -3.543 -3.443 -5.868 -4.414 -2.853 -3.159 -3.311 -3.315 -3.612 -1.961
4.281 2.948 3.324 0 3.364 4.954 3.367 0 3.95 3.297 3.428 3.618 2.75 3.315 4.484 0 2.7 0 0 11.68 2.167 0 3.42 3.804 0 3.603 3.615 0 6.708 0 1.516 0 4.442 2.212 0 0 4.539 0 0 0 0 5.316 0 2.719 2.516 4.123 3.852 0 3.339 0 4.059 4.531 2.379 0 4.675 3.767 1.986 5.972 3.756 2.915
-4.44 -5.151 -5.997 6.401 -3.06 -2.516 -4.333 3.447 0 -3.907 -4.499 0 0 0 -3.163 3.033 -3.355 1.932 1.915 -5.18 0 2.366 -3.427 -4.531 2.715 -3.396 -4.034 3.482 -6.5 3.75 -3.292 6.281 -3.045 -2.307 3.999 2.783 -2.196 4.598 4.034 3.116 2.464 -5.548 3.033 0 -2.323 -3.164 -3.763 2.332 -2.603 2.466 -3.18 -3.284 -1.595 2.216 -3.171 0 -3.236 -7.268 -2.516 -3.995
3.611 2.367 2.587 0 3.708 4.148 0 0 -4.665 2.066 0 -3.564 -2.299 -4.815 3.612 -3.6 4.003 -2.816 -2.584 3.242 -2.882 0 2.14 4.621 -3.866 7.013 0 -5.583 2.571 0 2.195 -5.533 1.739 3.356 -3.266 -3.15 2.676 -2.067 -3.664 0 -2.85 4.012 -4.65 -6.831 3.444 3.428 2.588 -3.35 2.22 0 2.748 3.788 2.997 -4.333 2.317 -2.416 1.916 5.396 2.939 3.164
-1.923 -1.632 0.7565 -4.013 -0.4512 -2.715 4.032 -3.498 3.05 0.7082 0 2.58 0 0 -4.269 0 -1.869 0 0 -4.564 0 -2.165 -1.388 -2.716 3.517 -2.979 4.881 0 -3.812 -4.081 0.6529 0 -2.411 -2.037 0 0 -2.605 2.067 0 -3.865 0 -0.2671 0 0 0.5487 -2.771 -5.099 0 -1.499 -2.183 0.4052 -0.7225 -6.274 0 -5.875 2.3 0.8609 -0.05796 1.132 0.04441
1.42 0 0 0 0 2.276 -1.331 1.951 0 0 0.8542 0 2.182 2.566 2.259 4.066 1.195 1.566 2.681 1.316 2.165 0 6.165 1.642 -3.15 1.82 -1.38 5.615 3.963 0 0 3.865 0 2.266 2.222 2.948 1.435 -1.255 3.215 0 2.049 0 2.25 2.315 0 0 0 3.032 0.7554 0 0 0 1.836 5.515 3.427 0 0 0 0 0
0 0 0 6.499 0 0.493 0 -1.747 -1.093 0 -2.403 0 0 0 0 0 0 0 -3.568 -1.604 -2.767 2.698 -2.86 0 0 0 0 -2.7 0 3.1 0 -3.217 0 0 0 0 1.117 0 -1.701 2.517 0 0 0 0 0 0 0 0 0 2.648 0 0 0 0 -1.862 -1.289 0 0 0 0
0 0 0 0 0 0 0 0 0 0 0 0 -4.149 -1.509 0 -2.415 0 -1.453 1.717 1.571 1.445 -0.9192 1.283 0 1.061 0 0 0 0 0 0 0 0 0 0 -2.816 0 0 0 0 -2.982 0 -1.821 -2.127 0 0 0 -3.949 0 -1.916 0 0 0 -2.932 0.858 0 0 0 0 0
0 0 0 -2.009 0 0 0 0 0 0 0 0 0 0 0 0 0 0 0 0 0 0 0 0 0 0 0 2.228 0 -2.125 0 1.73 0 0 0 0 0 0 1.327 -1.436 0 0 0 0 0 0 0 0 0 0 0 0 0 0 0 0 0 0 0 0
0 0 0 0 0 0 0 0 0 0 0 0 0 0 0 1.981 0 0 -2.065 0 0 0 0 0 0 0 0 0 0 0 0 0 0 0 0 0 0 0 0 0 1.982 0 0 0 0 0 0 2.95 0 2.706 0 0 0 1.075 0 0 0 0 0 0
0 0 0 0 0 0 0 0 0 0 0 0 0 0 0 0 0 0 0 0 0 0 0 0 0 0 0 0 0 0 0 0 0 0 0 0.636 0 0 0 0 0 0 0 0 0 0 0 0 0 0 0 0 0 0 0 0 0 0 0 0
0 0 0 0 0 0 0 0 0 0 0 0 0 0 0 0 0 0 2.882 0 0 0 0 0 0 0 0 0 0 0 0 0 0 0 0 0 0 0 0 0 -1.164 0 0 0 0 0 0 -2.268 0 0 0 0 0 0 0 0 0 0 0 0
0 0 0 0 0 0 0 0 0 0 0 0 0 0 0 0 0 0 0 0 0 0 0 0 0 0 0 0 0 0 0 0 0 0 0 0 0 0 0 0 0 0 0 0 0 0 0 0 0 0 0 0 0 0 0 0 0 0 0 0
0 0 0 0 0 0 0 0 0 0 0 0 0 0 0 0 0 0 -1.373 0 0 0 0 0 0 0 0 0 0 0 0 0 0 0 0 0 0 0 0 0 0 0 0 0 0 0 0 0 0 0 0 0 0 0 0 0 0 0 0 0
0 0 0 0 0 0 0 0 0 0 0 0 0 0 0 0 0 0 0 0 0 0 0 0 0 0 0 0 0 0 0 0 0 0 0 0 0 0 0 0 0 0 0 0 0 0 0 0 0 0 0 0 0 0 0 0 0 0 0 0
0 0 0 0 0 0 0 0 0 0 0 0 0 0 0 0 0 0 0 0 0 0 0 0 0 0 0 0 0 0 0 0 0 0 0 0 0 0 0 0 0 0 0 0 0 0 0 0 0 0 0 0 0 0 0 0 0 0 0 0
0 0 0 0 0 0 0 0 0 0 0 0 0 0 0 0 0 0 0 0 0 0 0 0 0 0 0 0 0 0 0 0 0 0 0 0 0 0 0 0 0 0 0 0 0 0 0 0 0 0 0 0 0 0 0 0 0 0 0 0
0 0 0 0 0 0 0 0 0 0 0 0 0 0 0 0 0 0 0 0 0 0 0 0 0 0 0 0 0 0 0 0 0 0 0 0 0 0 0 0 0 0 0 0 0 0 0 0 0 0 0 0 0 0 0 0 0 0 0 0
0 0 0 0 0 0 0 0 0 0 0 0 0 0 0 0 0 0 0 0 0 0 0 0 0 0 0 0 0 0 0 0 0 0 0 0 0 0 0 0 0 0 0 0 0 0 0 0 0 0 0 0 0 0 0 0 0 0 0 0
0 0 0 0 0 0 0 0 0 0 0 0 0 0 0 0 0 0 0 0 0 0 0 0 0 0 0 0 0 0 0 0 0 0 0 0 0 0 0 0 0 0 0 0 0 0 0 0 0 0 0 0 0 0 0 0 0 0 0 0
0 0 0 0 0 0 0 0 0 0 0 0 0 0 0 0 0 0 0 0 0 0 0 0 0 0 0 0 0 0 0 0 0 0 0 0 0 0 0 0 0 0 0 0 0 0 0 0 0 0 0 0 0 0 0 0 0 0 0 0
0 0 0 0 0 0 0 0 0 0 0 0 0 0 0 0 0 0 0 0 0 0 0 0 0 0 0 0 0 0 0 0 0 0 0 0 0 0 0 0 0 0 0 0 0 0 0 0 0 0 0 0 0 0 0 0 0 0 0 0
0 0 0 0 0 0 0 0 0 0 0 0 0 0 0 0 0 0 0 0 0 0 0 0 0 0 0 0 0 0 0 0 0 0 0 0 0 0 0 0 0 0 0 0 0 0 0 0 0 0 0 0 0 0 0 0 0 0 0 0
0 0 0 0 0 0 0 0 0 0 0 0 0 0 0 0 0 0 0 0 0 0 0 0 0 0 0 0 0 0 0 0 0 0 0 0 0 0 0 0 0 0 0 0 0 0 0 0 0 0 0 0 0 0 0 0 0 0 0 0
0 0 0 0 0 0 0 0 0 0 0 0 0 0 0 0 0 0 0 0 0 0 0 0 0 0 0 0 0 0 0 0 0 0 0 0 0 0 0 0 0 0 0 0 0 0 0 0 0 0 0 0 0 0 0 0 0 0 0 0
0 0 0 0 0 0 0 0 0 0 0 0 0 0 0 0 0 0 0 0 0 0 0 0 0 0 0 0 0 0 0 0 0 0 0 0 0 0 0 0 0 0 0 0 0 0 0 0 0 0 0 0 0 0 0 0 0 0 0 0
0 0 0 0 0 0 0 0 0 0 0 0 0 0 0 0 0 0 0 0 0 0 0 0 0 0 0 0 0 0 0 0 0 0 0 0 0 0 0 0 0 0 0 0 0 0 0 0 0 0 0 0 0 0 0 0 0 0 0 0
0 0 0 0 0 0 0 0 0 0 0 0 0 0 0 0 0 0 0 0 0 0 0 0 0 0 0 0 0 0 0 0 0 0 0 0 0 0 0 0 0 0 0 0 0 0 0 0 0 0 0 0 0 0 0 0 0 0 0 0
0 0 0 0 0 0 0 0 0 0 0 0 0 0 0 0 0 0 0 0 0 0 0 0 0 0 0 0 0 0 0 0 0 0 0 0 0 0 0 0 0 0 0 0 0 0 0 0 0 0 0 0 0 0 0 0 0 0 0 0
0 0 0 0 0 0 0 0 0 0 0 0 0 0 0 0 0 0 0 0 0 0 0 0 0 0 0 0 0 0 0 0 0 0 0 0 0 0 0 0 0 0 0 0 0 0 0 0 0 0 0 0 0 0 0 0 0 0 0 0
0 0 0 0 0 0 0 0 0 0 0 0 0 0 0 0 0 0 0 0 0 0 0 0 0 0 0 0 0 0 0 0 0 0 0 0 0 0 0 0 0 0 0 0 0 0 0 0 0 0 0 0 0 0 0 0 0 0 0 0
0 0 0 0 0 0 0 0 0 0 0 0 0 0 0 0 0 0 0 0 0 0 0 0 0 0 0 0 0 0 0 0 0 0 0 0 0 0 0 0 0 0 0 0 0 0 0 0 0 0 0 0 0 0 0 0 0 0 0 0
0 0 0 0 0 0 0 0 0 0 0 0 0 0 0 0 0 0 0 0 0 0 0 0 0 0 0 0 0 0 0 0 0 0 0 0 0 0 0 0 0 0 0 0 0 0 0 0 0 0 0 0 0 0 0 0 0 0 0 0
0 0 0 0 0 0 0 0 0 0 0 0 0 0 0 0 0 0 0 0 0 0 0 0 0 0 0 0 0 0 0 0 0 0 0 0 0 0 0 0 0 0 0 0 0 0 0 0 0 0 0 0 0 0 0 0 0 0 0 0
0 0 0 0 0 0 0 0 0 0 0 0 0 0 0 0 0 0 0 0 0 0 0 0 0 0 0 0 0 0 0 0 0 0 0 0 0 0 0 0 0 0 0 0 0 0 0 0 0 0 0 0 0 0 0 0 0 0 0 0
0 0 0 0 0 0 0 0 0 0 0 0 0 0 0 0 0 0 0 0 0 0 0 0 0 0 0 0 0 0 0 0 0 0 0 0 0 0 0 0 0 0 0 0 0 0 0 0 0 0 0 0 0 0 0 0 0 0 0 0
0 0 0 0 0 0 0 0 0 0 0 0 0 0 0 0 0 0 0 0 0 0 0 0 0 0 0 0 0 0 0 0 0 0 0 0 0 0 0 0 0 0 0 0 0 0 0 0 0 0 0 0 0 0 0 0 0 0 0 0
0 0 0 0 0 0 0 0 0 0 0 0 0 0 0 0 0 0 0 0 0 0 0 0 0 0 0 0 0 0 0 0 0 0 0 0 0 0 0 0 0 0 0 0 0 0 0 0 0 0 0 0 0 0 0 0 0 0 0 0
0 0 0 0 0 0 0 0 0 0 0 0 0 0 0 0 0 0 0 0 0 0 0 0 0 0 0 0 0 0 0 0 0 0 0 0 0 0 0 0 0 0 0 0 0 0 0 0 0 0 0 0 0 0 0 0 0 0 0 0
0 0 0 0 0 0 0 0 0 0 0 0 0 0 0 0 0 0 0 0 0 0 0 0 0 0 0 0 0 0 0 0 0 0 0 0 0 0 0 0 0 0 0 0 0 0 0 0 0 0 0 0 0 0 0 0 0 0 0 0
