1 2 1.5 2 2 26.09 8 3.261
2 3 0 2 3 33.83 5 6.766
3 1 1.5 8 1 23.09 5 4.618
4 2 0 2 2 18.98 8 2.373
5 2 1.5 2 2 22.21 6 3.702
6 2 1.5 8 2 27.1 8 3.388
7 1 0 8 1 21.12 11 1.92
8 3 0 2 2 0 0 NaN
9 2 0 8 2 19.29 8 2.411
10 1 1.5 2 1 27.1 3 9.032
11 1 1.5 8 1 20.87 3 6.958
12 3 0 8 3 39.37 11 3.579
13 1 0 2 1 27.53 11 2.503
14 1 0 8 1 10.94 9 1.215
15 2 1.5 8 1 17.61 8 2.202
16 1 0 8 1 14.85 8 1.857
17 2 1.5 2 2 15.07 7 2.153
18 2 0 2 2 13.12 10 1.312
19 2 0 8 2 21.12 12 1.76
20 1 1.5 8 1 13 5 2.601
21 2 0 2 1 15.04 10 1.504
22 2 0 2 2 16.54 16 1.034
23 1 1.5 8 1 23.09 7 3.299
24 2 1.5 2 2 13.76 6 2.294
25 1 0 2 1 13.22 8 1.652
26 2 1.5 2 2 12.06 7 1.723
27 2 0 8 2 14.89 12 1.241
28 1 0 8 1 12.24 11 1.113
29 3 1.5 8 3 8.302 3 2.767
30 3 0 2 2 9.276 6 1.546
31 1 1.5 2 1 12.71 3 4.237
32 2 0 8 2 11.52 10 1.152
33 1 1.5 2 1 8.871 6 1.479
34 2 1.5 8 2 12.06 5 2.412
35 2 0 2 2 5.625 10 0.5625
36 1 0 2 1 31.91 11 2.901
37 2 1.5 2 1 7.859 5 1.572
38 2 0 8 1 45.4 11 4.127
39 2 0 2 2 10.59 12 0.8824
40 2 0 8 3 0 0 NaN
41 3 0 8 3 18.23 14 1.302
42 3 1.5 8 2 17.04 7 2.434
43 1 0 8 1 8.047 12 0.6706
44 1 0 2 1 10.27 7 1.467
45 3 1.5 8 3 16.09 3 5.364
46 3 1.5 2 3 15.68 4 3.919
47 1 1.5 8 2 13.52 7 1.931
48 1 0 2 1 13.84 11 1.258
49 2 1.5 8 3 12.65 7 1.808
50 1 0 2 1 15.28 8 1.91
51 3 1.5 2 3 8.721 4 2.18
52 1 1.5 2 2 16.47 7 2.353
53 1 1.5 2 2 14.21 4 3.554
54 3 0 8 3 18.94 9 2.104
55 2 1.5 8 2 20.75 8 2.594
56 1 0 8 2 8.027 7 1.147
57 1 1.5 8 1 10.45 3 3.483
58 2 1.5 8 2 11.07 5 2.214
59 3 1.5 2 3 11.01 6 1.834
60 1 1.5 2 2 8.566 4 2.141
