-3.755 -29.42 -11.29 -7.491 -8.82 -5.85 -5.526 -10.13 -5.13 -16.75 -12.14 -29.72 -17.93 -3.462 -2.051 -4.763 -6.06 -6.34 -8.002 -6.701 -8.696 -3.673 -8.621 -4.838 -6.156 -3.9 -6.688 -7.626 -3.135 -3.648 -8.442 -3.198 -1.443 -7.572 -1.438 -27.66 -1.741 -39.26 -3.035 -12.14 -8.357 -2.326 -1.644 -4.679 -11.14 -5.571 -6.43 -7.87 -6.894 -8.6 -3.141 -6.969 -7.556 -14.8 -6.715 -4.148 -3.024 -2.117 -2.81 -4.331
1.179 0 0 0 2.954 1.355 0 0 0 3.441 4.027 0 0 0 0.427 0 0.9154 0.7178 0 1.867 1.7 0 1.755 0.8756 0 1.044 0 0 2.267 2.034 2.522 0 0.4533 0.6681 0 0.6663 0.6108 0 0 0 0 0.4266 0 0 2.78 0.3643 1.652 1.466 1.068 0 2.572 2.379 1.595 0 1.931 0 0.6026 0.6027 1.148 2.076
-0.7199 0 0 2.35 -2.868 -7.836 2.399 0 2.015 -6.906 -4.707 1.631 0.8818 0.8151 -3.021 1.148 0 -0.3003 1.365 -1.284 -0.5847 2.08 -1.779 -2.62 2.748 -0.9792 1.133 0.6985 -2.9 0 -1.748 0.3 -2.372 -1.277 0.4318 0 -1.812 0.514 0.699 0 2.182 -4.277 0.5472 1.647 -2.172 -8.731 -2.283 0 -0.8272 1.266 -1.948 -1.46 -2.7 0.2154 -1.459 1.182 -6.821 -3.675 -1.604 -1.148
1.772 1.814 0.6856 0 2.1 2.844 -5.1 0 0 3.099 2.251 -1.733 -0.5333 -0.6833 1.652 0 0 0.9496 0 0.4601 0 0 1.396 1.716 0 1.629 0 0 1.908 -1.431 1.564 0 1.428 1.739 0 -0.2999 2.26 0 0 0 0 0 -0.552 0 1.971 1.011 1.211 -0.5152 1.62 0 1.06 0.9397 2.364 -0.3663 2.172 -0.667 3.355 3.517 1.788 1.011
-10.25 0 -2.268 -3.216 -4.268 -1.532 0 0 -1.766 0 0 0 0 0 -6.412 -0.7489 -0.4872 -1.367 -0.6652 -2.692 0.4969 -1.05 -4.381 -1.556 -1.199 -2.979 -1.548 -0.2319 0 0 0 -0.6471 -1.9 -0.8043 -0.6805 0 -1.435 -0.817 -0.5317 0 -0.2498 0 0 -1.599 0 1.276 -1.092 0 -0.9166 -0.5829 -0.7148 -1.66 -0.4033 0 -3.893 0.5829 0 -1.156 -1.476 -0.3476
0.9961 -1.215 5.22 0 1.203 2.477 1.232 0 0 0 0 1.297 0.4158 0.4322 2.972 0 1.892 0 0.6499 2.114 -0.9831 0 0 2.156 0 0.4762 0 0 0 1.181 0 0 1.275 0.4355 0 0.3142 1.052 0 0 0 0 1.119 0.6299 0 0 0 0.4837 0.4322 0.4995 0 0 1.571 0 0.2652 1.915 -0.6666 0 1.483 2.18 0
-5.739 0 -3.628 2.147 1.004 -4.789 -2.167 0 1.098 0 0 0 0 -1.2 -0.7956 0 -0.9009 0.4986 -0.6171 0 0 0.3156 0 1.405 0.8639 -1.052 1.065 0.2818 0 0 0 0.4483 1.365 0 0.4335 0 0 0.6483 0.9315 0 0.2473 -4.396 0 0.7484 0 0 -0.3648 0 -0.8274 0 0 -1.493 0 0 -1.26 0 0 0 0.3336 0
1.675 0.4819 1.771 0 0 0.4183 0 0 0 0 0 -0.9997 -0.5311 0 0.2838 0 0.4825 -0.8672 0 0 0.6164 0 0 0 -0.9517 0.8668 0 0 0 -0.5484 0 0 0 0 0 -0.7817 0 0 -0.6667 0 0 1.819 -1.015 0 0 0 4.499 -0.9315 1.524 0 0 1.732 0 -0.2155 1.404 0.3311 0 0 0 0
0.6358 0 0 -0.5338 0 1.676 0.5482 0 -5.382 0 0 0 0 1.465 1.293 0.4087 -4.332 0 1.298 0 -0.4975 -1.315 0 0 0.4828 0 -0.6156 -0.5656 0 0 0 -1.149 0 0 -0.3469 0 0 -0.4482 0 0 -0.2818 -2.676 0 -0.4652 0 0 0 0 0 0.2632 0 0 0 0 1.069 0 0 0 0 0
0 -0.8986 0 0 0 0 0 0 0 0 0 0.8487 5.249 0 0 0 1.539 0.8149 0 0 0 0 5.48 0 -0.4848 0 0 0 0 0.4332 0 0 0 0 0 0.2653 0 0 0.8985 0 0 1.324 0.7137 0 0 0 0 0.4318 0 0 0 0 0 0.9486 0 -0.4492 0 0 0 0
0 0 0 2.248 0 0 -0.4156 0 1.948 0 0 0 -0.5833 -1.832 0 -1.864 0 0 -0.5167 0 0.5997 1.682 -2.299 0 0 0 0.4135 0.3819 0 0 0 0.6318 0 0 0.5164 -0.5666 0 0.2842 0 0 0.4814 0 -0.9182 0.5822 0 0 0 0 0 -2.548 0 0 0 0 0 0 0 0 0 0
0 0 0 0 0 0 0 0 0 0 0 -0.9302 0 0 0 0 0 -0.982 0 0 -0.6167 0 0.5638 0 0.3304 0 0 0 0 -0.4998 0 0 0 0 0 0 0 -0.4992 -0.6656 0 -0.4167 0 0 0 0 0 0 -0.3484 0 0 0 0 0 -0.8647 0 1.101 0 0 0 0
0 0.7521 0 -0.6815 0 0 0.4654 0 -1.082 0 0 0 0.3494 0.4824 0 0.3984 0 0 0.4474 0 0 -0.9973 1.197 0 -0.6705 0 -0.9668 -0.3647 0 0 0 -2.015 0 0 -0.6151 0 0 0 0 0 0 0 0.2981 -0.5482 0 0 0 0 0 0.7152 0 0 0 0 0 0 0 0 0 0
0 0 0 0 0 0 0 0 0 0 0 0.6331 0 0 0 0 0 0 -4.048 0 0.2485 0 0 0 0 0 0 0 0 0 0 0 0 0 0 0.1305 0 0.3966 0.7153 0 0.8316 0 0 0 0 0 0 0.3334 0 0 0 0 0 0.5985 0 0 0 0 0 0
0 0 0 0.3143 0 0 -0.5479 0 0.8647 0 0 0 -0.3809 -0.565 0 -2.549 0 0.2825 2.184 0 -0.3571 0.4151 0 0 0 0 0.3318 0.3486 0 0 0 2.048 0 0 0.4156 0 0 0 -1.016 0 -1.533 0 -0.4152 0.4699 0 0 0 -0.5485 0 -0.349 0 0 0 0 0 0 0 0 0 0
0 0 0 0 0 0 0 0 -0.6996 0 0 -0.5485 0 0 0 0 0 -0.5977 0 0 0 0 0 0 0 0 0 0 0 0 0 -0.9508 0 0 -0.4329 -0.2968 0 -0.2998 0 0 0 0 0 0 0 0 0 0 0 0 0 0 0 -0.6651 0 0 0 0 0 0
0 0 0 -0.6492 0 0 1.515 0 0 0 0 0 0.249 0.655 0 2.932 0 0 -0.6487 0 0 -0.3664 0 0 0 0 -0.5982 -0.5822 0 0 0 0 0 0 0 0 0 0 0.2822 0 0.7485 0 0.4316 0 0 0 0 0.5651 0 0.3313 0 0 0 0 0 0 0 0 0 0
0 0 0 0 0 0 0 0 0 0 0 0.5818 0 0 0 -0.7893 0 0 0 0 0 0 0 0 0 0 0 0 0 0 0 0 0 0 0.3139 0.3164 0 0.7652 0 0 -0.8666 0 -0.4999 0 0 0 0 -0.4004 0 0 0 0 0 1.665 0 0 0 0 0 0
0 0 0 0 0 0 -1.199 0 0 0 0 0 -0.4313 0 0 0 0 0 0.6807 0 0 0.7651 0 0 0 0 0.3652 0.4648 0 0 0 0.1299 0 0 -0.6621 -0.6156 0 -1.467 -0.4982 0 0 0 0 0 0 0 0 0 0 -1.209 0 0 0 0 0 0 0 0 0 0
0 0 0 0 0 0 0 0 0 0 0 -0.4472 0 0 0 0 0 0 -0.6282 0 0 0 0 0 0 0 0 0 0 0 0 0 0 0 0 0 0 0 0 0 0.7318 0 0.3819 0 0 0 0 1.321 0 0 0 0 0 0 0 0 0 0 0 0
0 0 0 0 0 0 1.402 0 0 0 0 0 0.4186 0 0 0 0 0 0 0 0 -0.7151 0 0 0 0 -0.7639 -0.6979 0 0 0 -0.6925 0 0 0 0.9429 0 1.213 0.6488 0 0 0 0 0 0 0 0 0 0 0 0 0 0 0 0 0 0 0 0 0
0 0 0 0 0 0 0 0 0 0 0 0.76 0 0 0 0 0 0 0 0 0 0 0 0 0 0 0 0 0 0 0 0 0 0 0 0 0 0 0 0 -0.6155 0 -0.6822 0 0 0 0 0 0 0 0 0 0 0 0 0 0 0 0 0
0 0 0 0 0 0 0 0 0 0 0 0 0 0 0 0 0 0 0 0 0 0.7491 0 0 0 0 0.399 0.704 0 0 0 0 0 0 0 0 0 0 -0.6155 0 0.683 0 0 0 0 0 0 0 0 0 0 0 0 0 0 0 0 0 0 0
0 0 0 0 0 0 0 0 0 0 0 0 0 0 0 0 0 0 0 0 0 -0.4499 0 0 0 0 0 0 0 0 0 0 0 0 0 0 0 0 0 0 -1.026 0 0 0 0 0 0 0 0 0 0 0 0 0 0 0 0 0 0 0
0 0 0 0 0 0 0 0 0 0 0 0 0 0 0 0 0 0 0 0 0 0 0 0 0 0 -0.4955 0 0 0 0 0 0 0 0 0 0 0 0 0 0 0 0 0 0 0 0 0 0 0 0 0 0 0 0 0 0 0 0 0
0 0 0 0 0 0 0 0 0 0 0 0 0 0 0 0 0 0 0 0 0 0.6147 0 0 0 0 0 0 0 0 0 0 0 0 0 0 0 0 0 0 0 0 0 0 0 0 0 0 0 0 0 0 0 0 0 0 0 0 0 0
0 0 0 0 0 0 0 0 0 0 0 0 0 0 0 0 0 0 0 0 0 -0.65 0 0 0 0 0 0 0 0 0 0 0 0 0 0 0 0 0 0 0 0 0 0 0 0 0 0 0 0 0 0 0 0 0 0 0 0 0 0
0 0 0 0 0 0 0 0 0 0 0 0 0 0 0 0 0 0 0 0 0 0 0 0 0 0 0 0 0 0 0 0 0 0 0 0 0 0 0 0 0 0 0 0 0 0 0 0 0 0 0 0 0 0 0 0 0 0 0 0
0 0 0 0 0 0 0 0 0 0 0 0 0 0 0 0 0 0 0 0 0 0.6978 0 0 0 0 0 0 0 0 0 0 0 0 0 0 0 0 0 0 0 0 0 0 0 0 0 0 0 0 0 0 0 0 0 0 0 0 0 0
0 0 0 0 0 0 0 0 0 0 0 0 0 0 0 0 0 0 0 0 0 0 0 0 0 0 0 0 0 0 0 0 0 0 0 0 0 0 0 0 0 0 0 0 0 0 0 0 0 0 0 0 0 0 0 0 0 0 0 0
0 0 0 0 0 0 0 0 0 0 0 0 0 0 0 0 0 0 0 0 0 -0.5514 0 0 0 0 0 0 0 0 0 0 0 0 0 0 0 0 0 0 0 0 0 0 0 0 0 0 0 0 0 0 0 0 0 0 0 0 0 0
0 0 0 0 0 0 0 0 0 0 0 0 0 0 0 0 0 0 0 0 0 0 0 0 0 0 0 0 0 0 0 0 0 0 0 0 0 0 0 0 0 0 0 0 0 0 0 0 0 0 0 0 0 0 0 0 0 0 0 0
0 0 0 0 0 0 0 0 0 0 0 0 0 0 0 0 0 0 0 0 0 0 0 0 0 0 0 0 0 0 0 0 0 0 0 0 0 0 0 0 0 0 0 0 0 0 0 0 0 0 0 0 0 0 0 0 0 0 0 0
0 0 0 0 0 0 0 0 0 0 0 0 0 0 0 0 0 0 0 0 0 0 0 0 0 0 0 0 0 0 0 0 0 0 0 0 0 0 0 0 0 0 0 0 0 0 0 0 0 0 0 0 0 0 0 0 0 0 0 0
0 0 0 0 0 0 0 0 0 0 0 0 0 0 0 0 0 0 0 0 0 0 0 0 0 0 0 0 0 0 0 0 0 0 0 0 0 0 0 0 0 0 0 0 0 0 0 0 0 0 0 0 0 0 0 0 0 0 0 0
0 0 0 0 0 0 0 0 0 0 0 0 0 0 0 0 0 0 0 0 0 0 0 0 0 0 0 0 0 0 0 0 0 0 0 0 0 0 0 0 0 0 0 0 0 0 0 0 0 0 0 0 0 0 0 0 0 0 0 0
0 0 0 0 0 0 0 0 0 0 0 0 0 0 0 0 0 0 0 0 0 0 0 0 0 0 0 0 0 0 0 0 0 0 0 0 0 0 0 0 0 0 0 0 0 0 0 0 0 0 0 0 0 0 0 0 0 0 0 0
0 0 0 0 0 0 0 0 0 0 0 0 0 0 0 0 0 0 0 0 0 0 0 0 0 0 0 0 0 0 0 0 0 0 0 0 0 0 0 0 0 0 0 0 0 0 0 0 0 0 0 0 0 0 0 0 0 0 0 0
0 0 0 0 0 0 0 0 0 0 0 0 0 0 0 0 0 0 0 0 0 0 0 0 0 0 0 0 0 0 0 0 0 0 0 0 0 0 0 0 0 0 0 0 0 0 0 0 0 0 0 0 0 0 0 0 0 0 0 0
0 0 0 0 0 0 0 0 0 0 0 0 0 0 0 0 0 0 0 0 0 0 0 0 0 0 0 0 0 0 0 0 0 0 0 0 0 0 0 0 0 0 0 0 0 0 0 0 0 0 0 0 0 0 0 0 0 0 0 0
