1 2 1.5 2 2 37.02 3 12.34
2 3 0 2 1 85.32 9 9.48
3 1 1.5 8 3 0 0 NaN
4 2 0 2 3 0 0 NaN
5 2 1.5 2 3 0 0 NaN
6 2 1.5 8 3 0 0 NaN
7 1 0 8 3 0 0 NaN
8 3 0 2 3 0 0 NaN
9 2 0 8 3 0 0 NaN
10 1 1.5 2 3 0 0 NaN
11 1 1.5 8 3 0 0 NaN
12 3 0 8 3 0 0 NaN
13 1 0 2 3 0 0 NaN
14 1 0 8 3 0 0 NaN
15 2 1.5 8 3 0 0 NaN
16 1 0 8 3 0 0 NaN
17 2 1.5 2 3 0 0 NaN
18 2 0 2 3 0 0 NaN
19 2 0 8 3 0 0 NaN
20 1 1.5 8 3 0 0 NaN
21 2 0 2 2 0 0 NaN
22 2 0 2 3 0 0 NaN
23 1 1.5 8 3 0 0 NaN
24 2 1.5 2 3 0 0 NaN
25 1 0 2 3 0 0 NaN
26 2 1.5 2 3 0 0 NaN
27 2 0 8 3 0 0 NaN
28 1 0 8 3 0 0 NaN
29 3 1.5 8 3 0 0 NaN
30 3 0 2 3 0 0 NaN
31 1 1.5 2 3 0 0 NaN
32 2 0 8 3 0 0 NaN
33 1 1.5 2 3 0 0 NaN
34 2 1.5 8 3 0 0 NaN
35 2 0 2 3 0 0 NaN
36 1 0 2 3 0 0 NaN
37 2 1.5 2 3 0 0 NaN
38 2 0 8 3 0 0 NaN
39 2 0 2 3 0 0 NaN
40 2 0 8 3 0 0 NaN
41 3 0 8 3 0 0 NaN
42 3 1.5 8 3 0 0 NaN
43 1 0 8 3 0 0 NaN
44 1 0 2 3 0 0 NaN
45 3 1.5 8 3 0 0 NaN
46 3 1.5 2 3 0 0 NaN
47 1 1.5 8 3 0 0 NaN
48 1 0 2 3 0 0 NaN
49 2 1.5 8 3 0 0 NaN
50 1 0 2 3 0 0 NaN
51 3 1.5 2 3 0 0 NaN
52 1 1.5 2 3 0 0 NaN
53 1 1.5 2 3 0 0 NaN
54 3 0 8 3 0 0 NaN
55 2 1.5 8 3 0 0 NaN
56 1 0 8 3 0 0 NaN
57 1 1.5 8 3 0 0 NaN
58 2 1.5 8 3 0 0 NaN
59 3 1.5 2 3 0 0 NaN
60 1 1.5 2 3 0 0 NaN
