1 2 1.5 2 1 21.56 8 2.694
2 3 0 2 3 16.3 8 2.037
3 1 1.5 8 1 57.6 19 3.031
4 2 0 2 2 16.08 9 1.787
5 2 1.5 2 2 17.71 5 3.542
6 2 1.5 8 2 28.38 10 2.838
7 1 0 8 1 16.15 10 1.615
8 3 0 2 3 13.15 10 1.315
9 2 0 8 2 19.82 15 1.321
10 1 1.5 2 1 21.54 10 2.154
11 1 1.5 8 1 30.55 13 2.35
12 3 0 8 3 15.08 7 2.154
13 1 0 2 1 17.18 14 1.227
14 1 0 8 1 12.8 8 1.6
15 2 1.5 8 2 22.34 13 1.719
16 1 0 8 1 11.17 8 1.396
17 2 1.5 2 2 36.26 16 2.266
18 2 0 2 2 14.53 13 1.118
19 2 0 8 2 11.23 9 1.248
20 1 1.5 8 1 22.61 8 2.826
21 2 0 2 2 11.65 10 1.165
22 2 0 2 2 20.59 17 1.211
23 1 1.5 8 2 19.58 5 3.916
24 2 1.5 2 2 21.17 8 2.646
25 1 0 2 1 10.56 9 1.174
26 2 1.5 2 2 27.81 11 2.528
27 2 0 8 2 14.16 11 1.287
28 1 0 8 1 14.55 9 1.616
29 3 1.5 8 3 18.14 9 2.016
30 3 0 2 3 12.99 10 1.299
31 1 1.5 2 1 16.94 8 2.118
32 2 0 8 2 15.96 13 1.227
33 1 1.5 2 1 18.17 7 2.596
34 2 1.5 8 2 15.01 7 2.145
35 2 0 2 2 9.849 7 1.407
36 1 0 2 1 10.68 9 1.186
37 2 1.5 2 2 14.69 6 2.448
38 2 0 8 1 15.37 10 1.537
39 2 0 2 2 16.42 15 1.095
40 2 0 8 2 11.6 9 1.289
41 3 0 8 3 14.36 9 1.596
42 3 1.5 8 3 18.17 7 2.595
43 1 0 8 1 10.83 9 1.204
44 1 0 2 1 9.68 10 0.968
45 3 1.5 8 3 24.58 11 2.234
46 3 1.5 2 3 13.9 5 2.779
47 1 1.5 8 1 22.34 12 1.862
48 1 0 2 1 10.45 9 1.161
49 2 1.5 8 2 24.12 13 1.855
50 1 0 2 1 8.482 8 1.06
51 3 1.5 2 3 12.67 6 2.111
52 1 1.5 2 2 18.29 8 2.287
53 1 1.5 2 1 9.006 4 2.252
54 3 0 8 3 10.6 10 1.06
55 2 1.5 8 2 30.15 16 1.885
56 1 0 8 1 11.09 10 1.109
57 1 1.5 8 1 17.11 9 1.901
58 2 1.5 8 2 12.47 8 1.559
59 3 1.5 2 3 15.36 9 1.706
60 1 1.5 2 1 10.25 7 1.464
