1 2 1.5 2 3 34.48 11 3.134
2 3 0 2 3 36.8 9 4.089
3 1 1.5 8 1 26.02 7 3.717
4 2 0 2 2 18.44 7 2.634
5 2 1.5 2 1 20.34 9 2.26
6 2 1.5 8 2 24.78 9 2.754
7 1 0 8 1 25.86 8 3.233
8 3 0 2 3 28.45 10 2.845
9 2 0 8 2 45.45 18 2.525
10 1 1.5 2 1 17.37 4 4.341
11 1 1.5 8 1 40.36 8 5.045
12 3 0 8 3 37.64 11 3.422
13 1 0 2 1 33.89 17 1.994
14 1 0 8 1 13.74 8 1.718
15 2 1.5 8 2 22.44 10 2.244
16 1 0 8 1 18.57 14 1.327
17 2 1.5 2 2 11.76 8 1.47
18 2 0 2 2 18.82 11 1.711
19 2 0 8 2 10.87 9 1.208
20 1 1.5 8 1 23.96 11 2.179
21 2 0 2 2 21.7 13 1.67
22 2 0 2 2 12.37 12 1.031
23 1 1.5 8 1 14.51 13 1.116
24 2 1.5 2 2 34.35 22 1.562
25 1 0 2 2 11.66 9 1.296
26 2 1.5 2 2 13.37 12 1.114
27 2 0 8 2 22.04 15 1.469
28 1 0 8 1 17.4 13 1.339
29 3 1.5 8 3 16.6 10 1.66
30 3 0 2 3 12.35 13 0.9501
31 1 1.5 2 2 0 0 NaN
32 2 0 8 2 16.89 13 1.299
33 1 1.5 2 2 15.8 11 1.436
34 2 1.5 8 2 9.085 7 1.298
35 2 0 2 2 17.3 10 1.73
36 1 0 2 1 9.713 11 0.883
37 2 1.5 2 2 14.91 9 1.657
38 2 0 8 2 11.36 11 1.033
39 2 0 2 2 20.19 15 1.346
40 2 0 8 2 15.7 15 1.047
41 3 0 8 3 12.74 12 1.062
42 3 1.5 8 3 20.31 24 0.8464
43 1 0 8 1 12.6 14 0.8998
44 1 0 2 1 9.53 11 0.8663
45 3 1.5 8 3 13.7 12 1.142
46 3 1.5 2 3 17.36 18 0.9643
47 1 1.5 8 1 18.57 17 1.092
48 1 0 2 1 10.99 11 0.9991
49 2 1.5 8 2 12.81 13 0.985
50 1 0 2 1 5.441 9 0.6046
51 3 1.5 2 3 44.31 41 1.081
52 1 1.5 2 1 24.6 22 1.118
53 1 1.5 2 1 11.39 17 0.67
54 3 0 8 3 13.12 13 1.009
55 2 1.5 8 2 60.99 17 3.588
56 1 0 8 1 17.96 16 1.122
57 1 1.5 8 1 10.77 12 0.8979
58 2 1.5 8 2 12.64 13 0.9726
59 3 1.5 2 3 27.24 15 1.816
60 1 1.5 2 1 9.287 8 1.161
