1 2 1.5 2 2 14.27 5 2.854
2 3 0 2 3 24.14 6 4.024
3 1 1.5 8 1 17.28 4 4.321
4 2 0 2 2 22.54 4 5.635
5 2 1.5 2 1 17.76 5 3.553
6 2 1.5 8 2 22.34 6 3.724
7 1 0 8 1 18.43 4 4.606
8 3 0 2 3 20.41 7 2.916
9 2 0 8 2 23.38 5 4.676
10 1 1.5 2 1 10.27 6 1.711
11 1 1.5 8 1 11.92 6 1.987
12 3 0 8 3 16.69 6 2.782
13 1 0 2 1 12.01 4 3.002
14 1 0 8 1 18.19 4 4.548
15 2 1.5 8 2 19.89 7 2.842
16 1 0 8 1 8.942 4 2.236
17 2 1.5 2 2 18.49 9 2.054
18 2 0 2 2 16.85 6 2.808
19 2 0 8 2 18.8 7 2.686
20 1 1.5 8 1 14.35 6 2.392
21 2 0 2 2 11.51 5 2.303
22 2 0 2 1 13.09 6 2.182
23 1 1.5 8 1 10.52 6 1.754
24 2 1.5 2 2 12.54 7 1.792
25 1 0 2 1 14.22 6 2.37
26 2 1.5 2 2 16.85 6 2.809
27 2 0 8 2 15.86 6 2.643
28 1 0 8 1 14.57 6 2.429
29 3 1.5 8 3 9.588 4 2.397
30 3 0 2 3 12.57 4 3.142
31 1 1.5 2 1 14.12 7 2.017
32 2 0 8 2 15.26 6 2.543
33 1 1.5 2 1 13.76 7 1.965
34 2 1.5 8 2 17.67 8 2.209
35 2 0 2 2 14.1 6 2.35
36 1 0 2 1 8.261 6 1.377
37 2 1.5 2 2 10.75 6 1.792
38 2 0 8 2 12.07 6 2.011
39 2 0 2 1 13.54 6 2.257
40 2 0 8 1 12.8 6 2.133
41 3 0 8 2 13.44 6 2.24
42 3 1.5 8 3 14.6 6 2.433
43 1 0 8 1 15.46 6 2.576
44 1 0 2 1 10.63 6 1.772
45 3 1.5 8 3 12.61 6 2.102
46 3 1.5 2 3 9.413 6 1.569
47 1 1.5 8 1 12.11 6 2.018
48 1 0 2 1 10.98 6 1.83
49 2 1.5 8 2 17.13 7 2.447
50 1 0 2 1 8.996 6 1.499
51 3 1.5 2 3 12.19 5 2.438
52 1 1.5 2 1 11.36 6 1.893
53 1 1.5 2 1 9.497 5 1.899
54 3 0 8 3 10.73 5 2.146
55 2 1.5 8 2 12.56 6 2.093
56 1 0 8 1 12.05 6 2.009
57 1 1.5 8 1 13.21 6 2.202
58 2 1.5 8 2 11.79 7 1.684
59 3 1.5 2 3 13.91 6 2.319
60 1 1.5 2 1 9.53 6 1.588
