-1.603 -4.084 -3.143 -7.859 -4.525 -5.054 -1.945 -3.136 -4.834 -2.124 -3.151 -2.71 -5.064 -1.511 -1.655 -1.242 -6.161 -5.117 -1.87 -3.5 -1.28 -2.082 -1.902 -1.552 -1.14 -4.658 -3.247 -1.444 -1.432 -4.453 -4.029 -2.814 -1.351 -1.062 -2.321 -1.366 -1.875 -3.502 -4.417 -1.311 -3.461 -3.266 -1.458 -2.252 -2.095 -0.9118 -2.654 -2.346 -3.785 -1.262 -3.386 -1.981 -1.138 -1.481 -2.185 -1.74 -1.591 -1.942 -1.432 -3.544
2.866 0 4.755 0 3.051 3.94 3.4 6.183 4.984 2.713 2.596 4.833 0 8.4 2.484 2.65 0.9728 1.982 2.433 1.779 1.9 2.767 2.277 2.084 4.867 2.403 2.667 5.25 3.725 2.565 2.109 0 1.355 2.283 5.1 1.533 1.429 2.085 0 0 1.951 2.62 2.132 1.767 2.795 2.005 1.42 1.317 2.331 1.585 1.154 2.468 2.163 2.5 2.003 3.1 1.5 1.316 2.155 0.9549
-3.979 2.315 -6.085 6.299 -1.62 -1.891 0 0 0 -1.659 -1.155 0 2.064 0 -1.62 -2.5 -1.253 -3.018 -2.167 -1.525 -3.099 0 -2.195 -2.156 0 -1.348 0 0 -2.258 -2.618 -2.596 2.415 -3.484 -2.076 0 0 -1.652 -1.715 1.682 1.542 0 -1.899 -5.301 0 -2.204 -1.171 -2.091 -1.617 -2.451 -1.317 -3.563 -1.972 -1.668 0 -1.9 0 -3.675 -1.283 -2.1 -0.8763
3.644 0 3.299 0 4.732 3.059 -9.949 -2.932 -4.048 1.251 1.804 -3.198 0 -4.199 2.548 0 1.203 1.35 4.601 2.171 3.601 -2.033 1.651 1.012 -2.448 1.419 -4.965 -1.899 2.173 2.933 1.397 0 2.1 1.58 -2.015 -1.964 2.155 2.217 0 0 -1.615 3.412 0 -1.614 1.644 1.701 2.363 2.05 2.26 1.4 2.749 1.724 2.709 -2.297 2.099 -1.482 1.516 3.276 1.532 1.364
-2.18 -6.449 -0.2676 -4.932 -3.836 -3.029 0 1.683 0 -1.292 -1.444 4.219 -2.332 4.083 -5.42 2.55 -1.715 0 0 -1.812 -1.635 0 -1.3 -2.115 2.45 -4.284 0 0 0.04511 0 -2.498 -3.682 -1.948 -2.22 2.182 0 -2.347 0 -2.132 -3.599 2.399 -1.724 2.732 2.151 -2.14 -1.188 -1.757 0 -2.524 0 -1.339 -1.764 -1.819 2.185 -2.884 0 -2.708 -1.084 -1.108 -1.195
0.9554 4.3 0 0 1.875 5.371 3.131 0 3.932 1.229 1.772 0 0 -1.92 4.163 0 1.58 -3.715 -3.164 3.564 0 2.097 1.197 1.972 0 2.741 1.665 2.298 0 -4.233 1.092 0 1.62 1.564 0 1.283 1.292 -1.082 2.017 2.1 0 1.676 0 0 1.732 2.436 1.82 -1.4 1.596 -1.832 1.092 1.452 1.443 0 1.484 2.164 2.22 1.332 5.588 1.596
0 0 0 3.449 0 0.9969 0 -3.049 0 0.3093 1.116 -1.08 2.548 0 -2.004 -1.437 -1.572 0 1.8 0.9648 0.899 -2.233 1.149 -1.652 -1.682 0.6693 0 -2.083 0 0 -0.3957 2.915 -1.9 -5.077 -1.55 0 1.452 1.467 0 0 -2.133 0.2842 -2.399 -1.482 0.5966 1.429 1.173 0 -2.18 1.6 0 1.117 0 -2.265 0.9565 -1.935 1.333 -1.556 0.05245 1.412
0 -5.615 0 0 0 0 -2.697 1.866 -5.582 0 0 0.6504 0 0 1.195 0 1.035 1.665 0 0 0 0 0 0.7387 0 0 -1.965 1.601 0 0 0.3075 0 0.9631 1.811 0 -0.9985 0 0 -2.181 -2.582 1.883 0 1.433 0 0 0 0 2.247 0.4354 -2.111 0 0 0 0.839 0 0 0 0.8032 0 0
0 0 0 -1.692 0 0 0 0 1.837 0 0 0 -1.287 0 0 0 -2.996 0 -2.765 0 0 1.882 0 0 1.632 0 0 0 0 0 0 -1.899 0 1.149 0.932 1.117 0 -0.7266 0 1.665 0 0 0 1.365 0 0 0 -0.77 0 0 0 0 0 0 0 1.632 0 0 0 0
0 1.382 0 0 0 0 0 -1.565 0 0 0 -0.4836 0 0 0 0 1.108 -0.6242 1.297 0 0 0 0 0 0 0 1.349 -1.278 0 0 0 1.533 0 0 0 0 0 0 1.116 0 -1.78 0 -1.325 0 0 0 0 0 0 0 0 0 0 0 0 -0.9534 0 0 0 0
0 0 0 0 0 0 0 0 0 0 0 0 0 0 0 0 0 0 0 0 0 -0.8015 0 0 -0.9054 0 0 0 0 0 0 0 0 0 -0.3635 -0.9234 0 0 0 -0.9122 0 0 0 -0.634 0 0 0 0 0 0 0 0 0 0 0 0 0 0 0 0
0 -1.035 0 0 0 0 0 0.8195 0 0 0 0 0 0 0 0 0 0 0 0 0 0 0 0 0 0 -0.6388 0 0 0 0 -0.7995 0 0 0 0 0 0 -0.5073 0 0 0 0 0 0 0 0 0 0 0 0 0 0 0 0 0 0 0 0 0
0 0 0 0 0 0 0 0 0 0 0 0 0 0 0 0 0 0 0 0 0 0 0 0 0 0 0 0 0 0 0 0 0 0 0 0 0 0 0 0 0 0 0 0 0 0 0 0 0 0 0 0 0 0 0 0 0 0 0 0
0 0 0 0 0 0 0 0 0 0 0 0 0 0 0 0 0 0 0 0 0 0 0 0 0 0 0 0 0 0 0 0 0 0 0 0 0 0 0 0 0 0 0 0 0 0 0 0 0 0 0 0 0 0 0 0 0 0 0 0
0 0 0 0 0 0 0 0 0 0 0 0 0 0 0 0 0 0 0 0 0 0 0 0 0 0 0 0 0 0 0 0 0 0 0 0 0 0 0 0 0 0 0 0 0 0 0 0 0 0 0 0 0 0 0 0 0 0 0 0
0 0 0 0 0 0 0 0 0 0 0 0 0 0 0 0 0 0 0 0 0 0 0 0 0 0 0 0 0 0 0 0 0 0 0 0 0 0 0 0 0 0 0 0 0 0 0 0 0 0 0 0 0 0 0 0 0 0 0 0
0 0 0 0 0 0 0 0 0 0 0 0 0 0 0 0 0 0 0 0 0 0 0 0 0 0 0 0 0 0 0 0 0 0 0 0 0 0 0 0 0 0 0 0 0 0 0 0 0 0 0 0 0 0 0 0 0 0 0 0
0 0 0 0 0 0 0 0 0 0 0 0 0 0 0 0 0 0 0 0 0 0 0 0 0 0 0 0 0 0 0 0 0 0 0 0 0 0 0 0 0 0 0 0 0 0 0 0 0 0 0 0 0 0 0 0 0 0 0 0
0 0 0 0 0 0 0 0 0 0 0 0 0 0 0 0 0 0 0 0 0 0 0 0 0 0 0 0 0 0 0 0 0 0 0 0 0 0 0 0 0 0 0 0 0 0 0 0 0 0 0 0 0 0 0 0 0 0 0 0
0 0 0 0 0 0 0 0 0 0 0 0 0 0 0 0 0 0 0 0 0 0 0 0 0 0 0 0 0 0 0 0 0 0 0 0 0 0 0 0 0 0 0 0 0 0 0 0 0 0 0 0 0 0 0 0 0 0 0 0
0 0 0 0 0 0 0 0 0 0 0 0 0 0 0 0 0 0 0 0 0 0 0 0 0 0 0 0 0 0 0 0 0 0 0 0 0 0 0 0 0 0 0 0 0 0 0 0 0 0 0 0 0 0 0 0 0 0 0 0
0 0 0 0 0 0 0 0 0 0 0 0 0 0 0 0 0 0 0 0 0 0 0 0 0 0 0 0 0 0 0 0 0 0 0 0 0 0 0 0 0 0 0 0 0 0 0 0 0 0 0 0 0 0 0 0 0 0 0 0
0 0 0 0 0 0 0 0 0 0 0 0 0 0 0 0 0 0 0 0 0 0 0 0 0 0 0 0 0 0 0 0 0 0 0 0 0 0 0 0 0 0 0 0 0 0 0 0 0 0 0 0 0 0 0 0 0 0 0 0
0 0 0 0 0 0 0 0 0 0 0 0 0 0 0 0 0 0 0 0 0 0 0 0 0 0 0 0 0 0 0 0 0 0 0 0 0 0 0 0 0 0 0 0 0 0 0 0 0 0 0 0 0 0 0 0 0 0 0 0
0 0 0 0 0 0 0 0 0 0 0 0 0 0 0 0 0 0 0 0 0 0 0 0 0 0 0 0 0 0 0 0 0 0 0 0 0 0 0 0 0 0 0 0 0 0 0 0 0 0 0 0 0 0 0 0 0 0 0 0
0 0 0 0 0 0 0 0 0 0 0 0 0 0 0 0 0 0 0 0 0 0 0 0 0 0 0 0 0 0 0 0 0 0 0 0 0 0 0 0 0 0 0 0 0 0 0 0 0 0 0 0 0 0 0 0 0 0 0 0
0 0 0 0 0 0 0 0 0 0 0 0 0 0 0 0 0 0 0 0 0 0 0 0 0 0 0 0 0 0 0 0 0 0 0 0 0 0 0 0 0 0 0 0 0 0 0 0 0 0 0 0 0 0 0 0 0 0 0 0
0 0 0 0 0 0 0 0 0 0 0 0 0 0 0 0 0 0 0 0 0 0 0 0 0 0 0 0 0 0 0 0 0 0 0 0 0 0 0 0 0 0 0 0 0 0 0 0 0 0 0 0 0 0 0 0 0 0 0 0
0 0 0 0 0 0 0 0 0 0 0 0 0 0 0 0 0 0 0 0 0 0 0 0 0 0 0 0 0 0 0 0 0 0 0 0 0 0 0 0 0 0 0 0 0 0 0 0 0 0 0 0 0 0 0 0 0 0 0 0
0 0 0 0 0 0 0 0 0 0 0 0 0 0 0 0 0 0 0 0 0 0 0 0 0 0 0 0 0 0 0 0 0 0 0 0 0 0 0 0 0 0 0 0 0 0 0 0 0 0 0 0 0 0 0 0 0 0 0 0
0 0 0 0 0 0 0 0 0 0 0 0 0 0 0 0 0 0 0 0 0 0 0 0 0 0 0 0 0 0 0 0 0 0 0 0 0 0 0 0 0 0 0 0 0 0 0 0 0 0 0 0 0 0 0 0 0 0 0 0
0 0 0 0 0 0 0 0 0 0 0 0 0 0 0 0 0 0 0 0 0 0 0 0 0 0 0 0 0 0 0 0 0 0 0 0 0 0 0 0 0 0 0 0 0 0 0 0 0 0 0 0 0 0 0 0 0 0 0 0
0 0 0 0 0 0 0 0 0 0 0 0 0 0 0 0 0 0 0 0 0 0 0 0 0 0 0 0 0 0 0 0 0 0 0 0 0 0 0 0 0 0 0 0 0 0 0 0 0 0 0 0 0 0 0 0 0 0 0 0
0 0 0 0 0 0 0 0 0 0 0 0 0 0 0 0 0 0 0 0 0 0 0 0 0 0 0 0 0 0 0 0 0 0 0 0 0 0 0 0 0 0 0 0 0 0 0 0 0 0 0 0 0 0 0 0 0 0 0 0
0 0 0 0 0 0 0 0 0 0 0 0 0 0 0 0 0 0 0 0 0 0 0 0 0 0 0 0 0 0 0 0 0 0 0 0 0 0 0 0 0 0 0 0 0 0 0 0 0 0 0 0 0 0 0 0 0 0 0 0
0 0 0 0 0 0 0 0 0 0 0 0 0 0 0 0 0 0 0 0 0 0 0 0 0 0 0 0 0 0 0 0 0 0 0 0 0 0 0 0 0 0 0 0 0 0 0 0 0 0 0 0 0 0 0 0 0 0 0 0
0 0 0 0 0 0 0 0 0 0 0 0 0 0 0 0 0 0 0 0 0 0 0 0 0 0 0 0 0 0 0 0 0 0 0 0 0 0 0 0 0 0 0 0 0 0 0 0 0 0 0 0 0 0 0 0 0 0 0 0
0 0 0 0 0 0 0 0 0 0 0 0 0 0 0 0 0 0 0 0 0 0 0 0 0 0 0 0 0 0 0 0 0 0 0 0 0 0 0 0 0 0 0 0 0 0 0 0 0 0 0 0 0 0 0 0 0 0 0 0
0 0 0 0 0 0 0 0 0 0 0 0 0 0 0 0 0 0 0 0 0 0 0 0 0 0 0 0 0 0 0 0 0 0 0 0 0 0 0 0 0 0 0 0 0 0 0 0 0 0 0 0 0 0 0 0 0 0 0 0
0 0 0 0 0 0 0 0 0 0 0 0 0 0 0 0 0 0 0 0 0 0 0 0 0 0 0 0 0 0 0 0 0 0 0 0 0 0 0 0 0 0 0 0 0 0 0 0 0 0 0 0 0 0 0 0 0 0 0 0
