1 2 1.5 2 2 18.64 5 3.729
2 3 0 2 3 15.21 4 3.803
3 1 1.5 8 1 15.55 4 3.888
4 2 0 2 2 25.41 4 6.353
5 2 1.5 2 2 19.21 4 4.802
6 2 1.5 8 1 22.69 6 3.782
7 1 0 8 1 17.9 4 4.476
8 3 0 2 2 15.65 4 3.913
9 2 0 8 2 20.29 4 5.073
10 1 1.5 2 1 14.6 4 3.65
11 1 1.5 8 1 13.09 4 3.273
12 3 0 8 3 10.43 3 3.476
13 1 0 2 1 12.15 4 3.038
14 1 0 8 1 15.54 4 3.885
15 2 1.5 8 1 17.81 5 3.562
16 1 0 8 1 20.05 5 4.011
17 2 1.5 2 2 13.83 5 2.766
18 2 0 2 2 9.476 4 2.369
19 2 0 8 1 19.97 8 2.496
20 1 1.5 8 1 31.27 7 4.467
21 2 0 2 2 13.04 5 2.608
22 2 0 2 1 10.05 4 2.513
23 1 1.5 8 1 23.64 7 3.378
24 2 1.5 2 2 17.59 5 3.519
25 1 0 2 1 17.81 5 3.563
26 2 1.5 2 2 19.81 5 3.962
27 2 0 8 2 15.28 4 3.821
28 1 0 8 2 19.87 5 3.974
29 3 1.5 8 2 22.36 5 4.471
30 3 0 2 3 14.93 4 3.733
31 1 1.5 2 1 9.438 4 2.36
32 2 0 8 2 25.47 5 5.095
33 1 1.5 2 1 13.02 4 3.255
34 2 1.5 8 2 15.14 5 3.027
35 2 0 2 3 9.298 3 3.099
36 1 0 2 1 15.44 5 3.089
37 2 1.5 2 2 16.06 6 2.677
38 2 0 8 2 12.38 4 3.095
39 2 0 2 1 17.15 5 3.43
40 2 0 8 2 13.23 4 3.307
41 3 0 8 3 14.85 6 2.474
42 3 1.5 8 2 18.24 4 4.559
43 1 0 8 1 18.55 4 4.637
44 1 0 2 1 15.02 4 3.754
45 3 1.5 8 2 10.2 4 2.55
46 3 1.5 2 2 15.06 4 3.766
47 1 1.5 8 1 13.58 4 3.396
48 1 0 2 1 18.73 6 3.121
49 2 1.5 8 2 13.48 5 2.696
50 1 0 2 1 14.17 5 2.835
51 3 1.5 2 3 13.53 4 3.383
52 1 1.5 2 1 15.05 4 3.761
53 1 1.5 2 1 19.11 5 3.823
54 3 0 8 2 19.41 5 3.882
55 2 1.5 8 2 24.18 7 3.454
56 1 0 8 1 11.64 4 2.91
57 1 1.5 8 1 10.45 4 2.612
58 2 1.5 8 3 21.95 4 5.488
59 3 1.5 2 3 12.82 4 3.206
60 1 1.5 2 2 12.04 4 3.009
