1 2 1.5 2 2 12.61 5 2.522
2 3 0 2 3 16.84 4 4.21
3 1 1.5 8 1 15.46 5 3.091
4 2 0 2 2 18.62 4 4.655
5 2 1.5 2 2 15.55 3 5.184
6 2 1.5 8 2 10.36 3 3.452
7 1 0 8 1 13.35 3 4.45
8 3 0 2 2 19.38 4 4.844
9 2 0 8 2 18.95 3 6.317
10 1 1.5 2 1 13.28 3 4.426
11 1 1.5 8 1 19.54 4 4.886
12 3 0 8 2 20.26 3 6.752
13 1 0 2 1 17.43 5 3.487
14 1 0 8 1 13.09 3 4.364
15 2 1.5 8 1 20.55 3 6.85
16 1 0 8 1 25.19 4 6.298
17 2 1.5 2 2 16.74 3 5.58
18 2 0 2 2 36.41 5 7.282
19 2 0 8 2 19.35 4 4.837
20 1 1.5 8 1 16.95 3 5.651
21 2 0 2 2 13.61 4 3.402
22 2 0 2 1 19.74 4 4.935
23 1 1.5 8 1 20.95 4 5.238
24 2 1.5 2 2 31.39 6 5.231
25 1 0 2 1 19.61 3 6.535
26 2 1.5 2 2 30.25 8 3.781
27 2 0 8 2 20.41 6 3.401
28 1 0 8 2 19.94 9 2.216
29 3 1.5 8 3 21.78 3 7.259
30 3 0 2 3 14.84 3 4.947
31 1 1.5 2 1 17.03 4 4.258
32 2 0 8 2 26.68 4 6.669
33 1 1.5 2 1 16.49 3 5.497
34 2 1.5 8 2 18.36 4 4.59
35 2 0 2 2 14.77 6 2.461
36 1 0 2 1 12.69 6 2.115
37 2 1.5 2 2 12.7 4 3.175
38 2 0 8 2 23.42 6 3.903
39 2 0 2 1 9.469 6 1.578
40 2 0 8 2 22.05 7 3.15
41 3 0 8 1 13.16 5 2.632
42 3 1.5 8 3 16.66 4 4.165
43 1 0 8 1 16.94 7 2.42
44 1 0 2 1 19.17 5 3.834
45 3 1.5 8 3 24.47 7 3.495
46 3 1.5 2 3 17.17 6 2.862
47 1 1.5 8 1 20.98 5 4.197
48 1 0 2 1 13.17 5 2.635
49 2 1.5 8 2 18.34 5 3.668
50 1 0 2 1 11.18 5 2.237
51 3 1.5 2 2 10.57 4 2.643
52 1 1.5 2 1 16.9 4 4.226
53 1 1.5 2 1 10.72 4 2.68
54 3 0 8 3 10.56 5 2.111
55 2 1.5 8 1 17.54 6 2.923
56 1 0 8 1 16.94 5 3.387
57 1 1.5 8 1 16.05 4 4.012
58 2 1.5 8 2 25.45 6 4.242
59 3 1.5 2 3 13.06 3 4.353
60 1 1.5 2 1 15.09 4 3.771
