-2.071 -5.506 -2.306 -3.202 -5.01 -3.14 -3.482 -2.861 -6.385 -5.154 -6.293 -6.154 -1.787 -2.741 -6.031 -4.078 -2.292 -5.211 -5.349 -4.164 -3.41 -5.209 -6.176 -6.732 -1.523 -8.095 -4.246 -2.616 -6.978 -6.308 -5.844 -7.343 -5.948 -4.854 -3.683 -4.324 -2.9 -12.76 -2.125 -2.97 -2.694 -1.409 -3.165 -1.805 -2.947 -3.945 -2.546 -2.957 -1.786 -2.284 -2.104 -3.341 -2.231 -2.923 -3.246 -4.04 -5.166 -3.03 -2.411 -2.066
1.209 2.167 3.963 6.584 4.371 3.579 5.267 4.416 7.934 4.401 3.603 7.001 1.949 4.067 9.3 0 3.107 7.351 4.751 8.746 0 0 7.812 14.61 4.332 5.892 3.933 1.55 7.971 6.5 2.451 7.517 6.428 7.219 0 1.699 2.954 0 0 0 4.4 6.148 2.232 2.9 2.628 2.611 2.842 2.317 4.628 1.867 2.244 3.132 4.363 1.75 1.555 0 5.203 4.572 5.475 2.756
-1.412 -6.733 -2.964 -3.95 -6.171 -3.637 -4.602 -3.633 0 -3.722 -4.659 -7.1 0 -6.283 -5.219 3.732 -11.34 -15.9 -3.733 -4.044 4.215 7.865 -3.595 -4.836 -13.75 -3.099 -5.65 0 -6.828 -2.034 -5.772 -6.102 -4.115 -2.412 2.032 -2.267 -2.46 2.649 1.249 5.018 -1.583 -5.308 -2.368 -6.415 -3.307 -5.692 -6.1 -3.4 -6.132 -2.684 -4.212 -2.779 -1.971 -1.317 -3.101 5.999 -3.524 -4.332 -5.172 -7.932
3.028 2.433 4.716 4.883 2.675 1.538 0 8.467 -4.631 3.13 4.989 0 -3.199 0 2.891 -7.883 1.683 0 0 2.972 0 0 3.371 1.972 0 4.853 0 -3.232 3.403 0 2.963 0 1.603 3.876 0 1.917 4.387 0 0 -2.482 3.2 3.796 0 1.784 1.94 1.788 6.644 2.15 3.076 2.45 2.012 7.652 2.156 2.634 5.38 -1.466 2.156 5.276 4.211 2.332
-4.892 0 -1.508 -2.073 0 0 2.146 0 3.043 0 -0.9785 2.945 0 2.814 0 0 0 5.547 5.515 0 -2.947 -4.399 -0.8595 -1.131 2.3 -1.699 1.948 0 0 1.614 0.3963 5.714 0 0.04457 -3.499 -1.284 -0.1154 -2.015 -1.315 0 -1.284 -4.371 1.965 -6.267 -5.164 -1.907 -2.852 -2.35 -2.716 0 -0.08363 -0.01937 0.2366 -1.933 -3.203 0 0.4048 -3.052 0 0.4283
2.292 -1.546 1.499 0 0 0 0 -0.9483 0 0 0 0 5.514 0 0 9.499 0 -2.401 -2.749 0 0 0 0 2.108 0 3.756 0 2.132 0 0 0 -1.503 0 0 1.667 0 0 0 0 4.114 1.034 0 0 1.298 2.684 1.228 1.827 0.6457 1.131 -1.898 0 0 0 2.601 1.052 1.882 0 5.188 0 0
0 0 0 0 0 0 0 0 0 0 0 0 -4.985 0 0 -1.338 0 0 0 0 3.035 2.266 0 0.9806 0 -1.691 -1.732 -1.833 0 0 0 0 0 0 -2.667 1.198 0 2.198 1.799 0 0 0 -2.916 0 -5.796 -0.4995 0 0 0 1.637 0 0 0 0 0.797 -3.55 0 0.245 0 0
0 0 0 0 0 0 0 0 0 0 0 0 0 0 0 0 0 1.212 0 0 0 0 0 0 0 1.163 2.9 0 0 0 0 0 0 0 1.218 0 0 0 0 -1.999 0 0 0 0 0.2748 0 0 0 0 0 0 0 0 0 0 0 0 0 0 0
0 0 0 0 0 0 0 0 0 0 0 0 1.468 0 0 0 0 0 0 0 -1.652 -1.25 0 0 0 0.5082 0 2.283 0 0 0 0 0 0 0 -0.9978 0 -1.73 -1.799 0 0 0 3.082 0 0 0 0 0 0 0 0 0 0 0 0 0 0 0 0 0
0 0 0 0 0 0 0 0 0 0 0 0 0 0 0 0 0 0 0 0 0 0 0 0 0 0 -1.048 0 0 0 0 0 0 0 -1.125 0 0 0 0 3.266 0 0 0 0 0 0 0 0 0 0 0 0 0 0 0 1.913 0 0 0 0
0 0 0 0 0 0 0 0 0 0 0 0 0 0 0 0 0 0 0 0 0 0 0 0 0 0 0 0 0 0 0 0 0 0 0 0 0 2.065 1.182 -2.199 0 0 -1.215 0 0 0 0 0 0 0 0 0 0 0 0 0 0 0 0 0
0 0 0 0 0 0 0 0 0 0 0 0 0 0 0 0 0 0 0 0 0 0 0 0 0 0 0 -0.8811 0 0 0 0 0 0 0 0 0 0 0 0 0 0 0 0 0 0 0 0 0 0 0 0 0 0 0 0 0 0 0 0
0 0 0 0 0 0 0 0 0 0 0 0 0 0 0 0 0 0 0 0 0 0 0 0 0 0 0 0 0 0 0 0 0 0 0 0 0 -1.399 -1.492 1.387 0 0 1.195 0 0 0 0 0 0 0 0 0 0 0 0 0 0 0 0 0
0 0 0 0 0 0 0 0 0 0 0 0 0 0 0 0 0 0 0 0 0 0 0 0 0 0 0 2.414 0 0 0 0 0 0 0 0 0 0 0 0 0 0 0 0 0 0 0 0 0 0 0 0 0 0 0 0 0 0 0 0
0 0 0 0 0 0 0 0 0 0 0 0 0 0 0 0 0 0 0 0 0 0 0 0 0 0 0 0 0 0 0 0 0 0 0 0 0 0 0 0 0 0 0 0 0 0 0 0 0 0 0 0 0 0 0 0 0 0 0 0
0 0 0 0 0 0 0 0 0 0 0 0 0 0 0 0 0 0 0 0 0 0 0 0 0 0 0 -2.999 0 0 0 0 0 0 0 0 0 0 0 0 0 0 0 0 0 0 0 0 0 0 0 0 0 0 0 0 0 0 0 0
0 0 0 0 0 0 0 0 0 0 0 0 0 0 0 0 0 0 0 0 0 0 0 0 0 0 0 0 0 0 0 0 0 0 0 0 0 0 0 0 0 0 0 0 0 0 0 0 0 0 0 0 0 0 0 0 0 0 0 0
0 0 0 0 0 0 0 0 0 0 0 0 0 0 0 0 0 0 0 0 0 0 0 0 0 0 0 0.7256 0 0 0 0 0 0 0 0 0 0 0 0 0 0 0 0 0 0 0 0 0 0 0 0 0 0 0 0 0 0 0 0
0 0 0 0 0 0 0 0 0 0 0 0 0 0 0 0 0 0 0 0 0 0 0 0 0 0 0 0 0 0 0 0 0 0 0 0 0 0 0 0 0 0 0 0 0 0 0 0 0 0 0 0 0 0 0 0 0 0 0 0
0 0 0 0 0 0 0 0 0 0 0 0 0 0 0 0 0 0 0 0 0 0 0 0 0 0 0 0 0 0 0 0 0 0 0 0 0 0 0 0 0 0 0 0 0 0 0 0 0 0 0 0 0 0 0 0 0 0 0 0
0 0 0 0 0 0 0 0 0 0 0 0 0 0 0 0 0 0 0 0 0 0 0 0 0 0 0 0 0 0 0 0 0 0 0 0 0 0 0 0 0 0 0 0 0 0 0 0 0 0 0 0 0 0 0 0 0 0 0 0
0 0 0 0 0 0 0 0 0 0 0 0 0 0 0 0 0 0 0 0 0 0 0 0 0 0 0 0 0 0 0 0 0 0 0 0 0 0 0 0 0 0 0 0 0 0 0 0 0 0 0 0 0 0 0 0 0 0 0 0
0 0 0 0 0 0 0 0 0 0 0 0 0 0 0 0 0 0 0 0 0 0 0 0 0 0 0 0 0 0 0 0 0 0 0 0 0 0 0 0 0 0 0 0 0 0 0 0 0 0 0 0 0 0 0 0 0 0 0 0
0 0 0 0 0 0 0 0 0 0 0 0 0 0 0 0 0 0 0 0 0 0 0 0 0 0 0 0 0 0 0 0 0 0 0 0 0 0 0 0 0 0 0 0 0 0 0 0 0 0 0 0 0 0 0 0 0 0 0 0
0 0 0 0 0 0 0 0 0 0 0 0 0 0 0 0 0 0 0 0 0 0 0 0 0 0 0 0 0 0 0 0 0 0 0 0 0 0 0 0 0 0 0 0 0 0 0 0 0 0 0 0 0 0 0 0 0 0 0 0
0 0 0 0 0 0 0 0 0 0 0 0 0 0 0 0 0 0 0 0 0 0 0 0 0 0 0 0 0 0 0 0 0 0 0 0 0 0 0 0 0 0 0 0 0 0 0 0 0 0 0 0 0 0 0 0 0 0 0 0
0 0 0 0 0 0 0 0 0 0 0 0 0 0 0 0 0 0 0 0 0 0 0 0 0 0 0 0 0 0 0 0 0 0 0 0 0 0 0 0 0 0 0 0 0 0 0 0 0 0 0 0 0 0 0 0 0 0 0 0
0 0 0 0 0 0 0 0 0 0 0 0 0 0 0 0 0 0 0 0 0 0 0 0 0 0 0 0 0 0 0 0 0 0 0 0 0 0 0 0 0 0 0 0 0 0 0 0 0 0 0 0 0 0 0 0 0 0 0 0
0 0 0 0 0 0 0 0 0 0 0 0 0 0 0 0 0 0 0 0 0 0 0 0 0 0 0 0 0 0 0 0 0 0 0 0 0 0 0 0 0 0 0 0 0 0 0 0 0 0 0 0 0 0 0 0 0 0 0 0
0 0 0 0 0 0 0 0 0 0 0 0 0 0 0 0 0 0 0 0 0 0 0 0 0 0 0 0 0 0 0 0 0 0 0 0 0 0 0 0 0 0 0 0 0 0 0 0 0 0 0 0 0 0 0 0 0 0 0 0
0 0 0 0 0 0 0 0 0 0 0 0 0 0 0 0 0 0 0 0 0 0 0 0 0 0 0 0 0 0 0 0 0 0 0 0 0 0 0 0 0 0 0 0 0 0 0 0 0 0 0 0 0 0 0 0 0 0 0 0
0 0 0 0 0 0 0 0 0 0 0 0 0 0 0 0 0 0 0 0 0 0 0 0 0 0 0 0 0 0 0 0 0 0 0 0 0 0 0 0 0 0 0 0 0 0 0 0 0 0 0 0 0 0 0 0 0 0 0 0
0 0 0 0 0 0 0 0 0 0 0 0 0 0 0 0 0 0 0 0 0 0 0 0 0 0 0 0 0 0 0 0 0 0 0 0 0 0 0 0 0 0 0 0 0 0 0 0 0 0 0 0 0 0 0 0 0 0 0 0
0 0 0 0 0 0 0 0 0 0 0 0 0 0 0 0 0 0 0 0 0 0 0 0 0 0 0 0 0 0 0 0 0 0 0 0 0 0 0 0 0 0 0 0 0 0 0 0 0 0 0 0 0 0 0 0 0 0 0 0
0 0 0 0 0 0 0 0 0 0 0 0 0 0 0 0 0 0 0 0 0 0 0 0 0 0 0 0 0 0 0 0 0 0 0 0 0 0 0 0 0 0 0 0 0 0 0 0 0 0 0 0 0 0 0 0 0 0 0 0
0 0 0 0 0 0 0 0 0 0 0 0 0 0 0 0 0 0 0 0 0 0 0 0 0 0 0 0 0 0 0 0 0 0 0 0 0 0 0 0 0 0 0 0 0 0 0 0 0 0 0 0 0 0 0 0 0 0 0 0
0 0 0 0 0 0 0 0 0 0 0 0 0 0 0 0 0 0 0 0 0 0 0 0 0 0 0 0 0 0 0 0 0 0 0 0 0 0 0 0 0 0 0 0 0 0 0 0 0 0 0 0 0 0 0 0 0 0 0 0
0 0 0 0 0 0 0 0 0 0 0 0 0 0 0 0 0 0 0 0 0 0 0 0 0 0 0 0 0 0 0 0 0 0 0 0 0 0 0 0 0 0 0 0 0 0 0 0 0 0 0 0 0 0 0 0 0 0 0 0
0 0 0 0 0 0 0 0 0 0 0 0 0 0 0 0 0 0 0 0 0 0 0 0 0 0 0 0 0 0 0 0 0 0 0 0 0 0 0 0 0 0 0 0 0 0 0 0 0 0 0 0 0 0 0 0 0 0 0 0
0 0 0 0 0 0 0 0 0 0 0 0 0 0 0 0 0 0 0 0 0 0 0 0 0 0 0 0 0 0 0 0 0 0 0 0 0 0 0 0 0 0 0 0 0 0 0 0 0 0 0 0 0 0 0 0 0 0 0 0
