1 2 1.5 2 1 13.34 7 1.905
2 3 0 2 3 11.64 4 2.909
3 1 1.5 8 2 0 0 NaN
4 2 0 2 2 12.92 4 3.231
5 2 1.5 2 3 12.38 5 2.476
6 2 1.5 8 1 11.74 4 2.935
7 1 0 8 2 12.84 4 3.211
8 3 0 2 3 23.3 8 2.912
9 2 0 8 2 18.86 6 3.143
10 1 1.5 2 1 28.35 8 3.543
11 1 1.5 8 1 12.18 4 3.046
12 3 0 8 3 20.41 7 2.916
13 1 0 2 1 21.53 10 2.153
14 1 0 8 1 15.98 4 3.996
15 2 1.5 8 1 14.24 4 3.56
16 1 0 8 1 18.72 4 4.681
17 2 1.5 2 2 18.79 5 3.758
18 2 0 2 2 15.65 4 3.913
19 2 0 8 2 18.5 8 2.313
20 1 1.5 8 1 22.86 4 5.715
21 2 0 2 2 15.04 6 2.506
22 2 0 2 2 12.34 5 2.467
23 1 1.5 8 1 15.57 6 2.595
24 2 1.5 2 2 14.22 5 2.845
25 1 0 2 1 11.87 4 2.967
26 2 1.5 2 2 12.96 5 2.592
27 2 0 8 2 22.31 9 2.479
28 1 0 8 1 36.89 6 6.148
29 3 1.5 8 2 22.37 8 2.797
30 3 0 2 2 14.22 5 2.843
31 1 1.5 2 2 12.15 5 2.431
32 2 0 8 2 26.29 10 2.629
33 1 1.5 2 2 13.52 7 1.931
34 2 1.5 8 2 12.5 5 2.499
35 2 0 2 1 21.2 7 3.028
36 1 0 2 1 20.24 5 4.048
37 2 1.5 2 1 16.93 6 2.822
38 2 0 8 1 14.52 4 3.629
39 2 0 2 1 13.21 7 1.887
40 2 0 8 2 11.02 6 1.836
41 3 0 8 3 17.35 5 3.47
42 3 1.5 8 2 16.9 4 4.225
43 1 0 8 1 17.61 5 3.523
44 1 0 2 1 15.79 6 2.632
45 3 1.5 8 2 16.2 4 4.049
46 3 1.5 2 3 16.45 5 3.29
47 1 1.5 8 1 18.59 5 3.719
48 1 0 2 1 13.77 4 3.442
49 2 1.5 8 2 16.55 6 2.758
50 1 0 2 1 12.49 4 3.124
51 3 1.5 2 3 9.592 6 1.599
52 1 1.5 2 1 15.17 4 3.791
53 1 1.5 2 1 11.93 5 2.385
54 3 0 8 2 6.713 4 1.678
55 2 1.5 8 2 20.21 4 5.051
56 1 0 8 2 13.26 4 3.314
57 1 1.5 8 1 20.8 5 4.161
58 2 1.5 8 1 13.98 5 2.796
59 3 1.5 2 3 12.37 4 3.092
60 1 1.5 2 1 16.02 3 5.342
