-2.035 -3.72 -0.2739 -4.292 -2.412 -3.254 -5.739 -5.249 -3.126 -8.836 -2.581 -5.517 -4.918 -5.802 -4.269 -4.54 -3.062 -6.821 -2.617 -9.654 -4.494 -2.106 -2.584 -4.29 -2.035 -2.708 -4.352 -24.04 -5.834 -4.152 -3.387 -7.267 -2.89 -3.128 -7.155 -2.393 -2.46 -5.017 -3.351 0 -5.589 -3.145 -7.234 -3.724 -3.577 -7.164 -2.689 -4.156 -3.908 -5.612 -1.501 -5.21 -1.975 -2.162 -5.979 -3.825 -3.284 -2.524 -2.86 -4.17
1.217 2.317 0 2.033 1.411 5.499 2.602 5.834 3.617 2.321 3.091 2.718 0.9665 0 2.658 2.816 2.754 0 2.717 6.115 0 2.033 0.8662 2.979 0 2.354 4.284 5.066 1.211 3.352 2.236 3.282 1.642 2.02 0 1.383 1.122 0 1.216 0 0 4.139 0 2.433 2.82 3.474 4.717 2.433 2.955 2.184 2.372 3.027 3.34 2.5 3.355 3.65 3.787 4.508 4.051 8.443
-1.283 -2.782 0 0 -3.636 -2.483 0 -1.667 -1.599 -3.459 -3.132 -2.083 -2.598 3.584 -2.796 -4.95 -1.524 3.697 -3.851 -2.78 1.447 0 -3.684 -2.963 3.381 -1.628 -2.166 -3.4 -1.852 0 -3.419 -5.333 -1.028 -2.908 6.249 0 -2.148 2.581 0 -0.6048 2.915 -4.875 2.265 -2.45 -4.459 -2.26 -5.564 -4.384 -4.419 -2.4 -0.8024 -3.012 -3.581 -4.383 -5.788 -2.768 -8.804 -1.1 -3.004 -3.412
1.842 2.816 0 -3.265 0 0 -4.13 1.049 0.7821 2.066 3.38 0 1.335 0 4.516 6.416 5.372 -2.985 2.017 4.309 -2.051 -2.881 5.284 1.116 -4.668 4.076 0.9667 0 3.899 -4.198 1.635 0 1.284 2.524 0 -9.932 2.419 -4.384 -1.983 2.433 -4.183 4.74 -2.65 0.8338 5.34 1.348 2.892 0 1.26 0 2.157 3.916 1.883 0 5.084 0 2.588 3.613 2.452 1.891
-3.653 -2.378 0 3.333 1.054 0 0 0 -2.535 -3.147 -0.1233 1.516 -0.9829 -2.949 0.02101 -1.822 -6.076 0 -1.667 -1.09 0 0 -2.004 -2.876 1.783 -2.196 0 2.598 -1.669 0 -1.477 2.399 -2.252 -1.916 -0.9502 0 -6.964 2.533 0 0 0 -0.4114 0 -3.633 -0.7312 -2.204 -2.731 2.796 -1.813 2.299 -1.227 0.245 -1.148 0 0.03682 3.015 -2.34 -2.234 1.125 0
1.81 0 0 0 -3.867 0.5032 0 -2.315 7.2 4.557 0 -1.632 0 3.648 0 0 1.603 2.149 0.9661 0 1.165 1.801 1.148 1.539 -1.035 1.34 -1.215 0 3.172 1.648 1.21 0 2.956 1.451 0 3.482 1.819 -1.47 0.6646 -2.765 1.682 0 3.332 2.717 0 1.227 1.507 -1.604 2.195 -1.097 1.533 0 1.003 0 0 -1.674 0.9462 0.9792 0 0
-1.498 0 0 -1.639 1.779 0.3644 0.3738 4.65 -1.583 -2.812 0 2.917 0.7487 -1.549 0 0 0 -1.347 -3.734 0 0 0 1.285 0 0 0 0 -1.232 -3.244 0 0 -1.347 -1.466 0 2.364 0 1.212 0 -0.9338 0 0 0 -2.133 0 0 0 0 0 -0.05086 0 0.9099 0 0 0.1972 0 0 0 0 0 0
1.107 0 0 0 0 0 -2.301 -1.7 0 1.148 0 0 -1.35 0 0 0 0 0 0.9327 0 -2.599 -3.515 0 0 0 0 2.115 0 1.492 -0.8658 0 0 1.357 0 0 -3.049 0 0 2.818 1.582 -2.982 0 0 -1.268 0 0 0 0 0 0 0 0 0 -1.854 0 0 0 0 0 0
0 0 0 0 0 0 0 0.8333 0 0.05306 0 -4.032 0 0 0 0 0 0 0 0 3.283 0 0 0 0 0 0 0.5501 1.133 0.8212 0 0.4665 0 0 -1.349 0 0 0 0 -2.483 0 0 1.598 0 0 0 0 0 0 0 0 0 0 0 0 0 0 0 0 0
0 0 0 0 0 0 0 -1.666 0 0 0 2.48 4.067 0 0 0 0 0 -0.9191 0 -1.842 1.314 0 0 0 0 -2.399 -0.2257 0 0 0 0 0 0 0 1.106 0 0 -2.246 0 1.544 0 0 0 0 0 0 0 0 0 0 0 0 0 0 0 0 0 0 0
0 0 0 0 0 0 0 0 0 0 0 0 0 0 0 0 0 0 0 0 0 0 0 0 0 0 2.483 0 0 0 0 -1.898 0 0 0.5824 0 0 0 1.001 1.149 0 0 0 0 0 0 0 0 0 0 0 0 0 0 0 0 0 0 0 0
0 0 0 0 0 0 0 0 0 0 0 0 -2.264 0 0 0 0 0 0 0 0 0 0 0 0 0 -2.333 0 0 0 0 0 0 0 0 0 0 0 0 -1.956 0 0 0 0 0 0 0 0 0 0 0 0 0 0 0 0 0 0 0 0
0 0 0 0 0 0 0 0 0 0 0 0 0 0 0 0 0 0 0 0 0 0 0 0 0 0 0 0 0 0 0 1.664 0 0 -2.548 0 0 0 0 0 0 0 0 0 0 0 0 0 0 0 0 0 0 0 0 0 0 0 0 0
0 0 0 0 0 0 0 0 0 0 0 0 2.299 0 0 0 0 0 0 0 0 0 0 0 0 0 1.71 0 0 0 0 -1.685 0 0 0 0 0 0 0 0 0 0 0 0 0 0 0 0 0 0 0 0 0 0 0 0 0 0 0 0
0 0 0 0 0 0 0 0 0 0 0 0 0 0 0 0 0 0 0 0 0 0 0 0 0 0 0 0 0 0 0 0.95 0 0 2.069 0 0 0 0 0 0 0 0 0 0 0 0 0 0 0 0 0 0 0 0 0 0 0 0 0
0 0 0 0 0 0 0 0 0 0 0 0 -2.04 0 0 0 0 0 0 0 0 0 0 0 0 0 0 0 0 0 0 0 0 0 0 0 0 0 0 0 0 0 0 0 0 0 0 0 0 0 0 0 0 0 0 0 0 0 0 0
0 0 0 0 0 0 0 0 0 0 0 0 0 0 0 0 0 0 0 0 0 0 0 0 0 0 0 0 0 0 0 -0.01504 0 0 0 0 0 0 0 0 0 0 0 0 0 0 0 0 0 0 0 0 0 0 0 0 0 0 0 0
0 0 0 0 0 0 0 0 0 0 0 0 0 0 0 0 0 0 0 0 0 0 0 0 0 0 0 0 0 0 0 0 0 0 0 0 0 0 0 0 0 0 0 0 0 0 0 0 0 0 0 0 0 0 0 0 0 0 0 0
0 0 0 0 0 0 0 0 0 0 0 0 0 0 0 0 0 0 0 0 0 0 0 0 0 0 0 0 0 0 0 0 0 0 0 0 0 0 0 0 0 0 0 0 0 0 0 0 0 0 0 0 0 0 0 0 0 0 0 0
0 0 0 0 0 0 0 0 0 0 0 0 0 0 0 0 0 0 0 0 0 0 0 0 0 0 0 0 0 0 0 0 0 0 0 0 0 0 0 0 0 0 0 0 0 0 0 0 0 0 0 0 0 0 0 0 0 0 0 0
0 0 0 0 0 0 0 0 0 0 0 0 0 0 0 0 0 0 0 0 0 0 0 0 0 0 0 0 0 0 0 0 0 0 0 0 0 0 0 0 0 0 0 0 0 0 0 0 0 0 0 0 0 0 0 0 0 0 0 0
0 0 0 0 0 0 0 0 0 0 0 0 0 0 0 0 0 0 0 0 0 0 0 0 0 0 0 0 0 0 0 0 0 0 0 0 0 0 0 0 0 0 0 0 0 0 0 0 0 0 0 0 0 0 0 0 0 0 0 0
0 0 0 0 0 0 0 0 0 0 0 0 0 0 0 0 0 0 0 0 0 0 0 0 0 0 0 0 0 0 0 0 0 0 0 0 0 0 0 0 0 0 0 0 0 0 0 0 0 0 0 0 0 0 0 0 0 0 0 0
0 0 0 0 0 0 0 0 0 0 0 0 0 0 0 0 0 0 0 0 0 0 0 0 0 0 0 0 0 0 0 0 0 0 0 0 0 0 0 0 0 0 0 0 0 0 0 0 0 0 0 0 0 0 0 0 0 0 0 0
0 0 0 0 0 0 0 0 0 0 0 0 0 0 0 0 0 0 0 0 0 0 0 0 0 0 0 0 0 0 0 0 0 0 0 0 0 0 0 0 0 0 0 0 0 0 0 0 0 0 0 0 0 0 0 0 0 0 0 0
0 0 0 0 0 0 0 0 0 0 0 0 0 0 0 0 0 0 0 0 0 0 0 0 0 0 0 0 0 0 0 0 0 0 0 0 0 0 0 0 0 0 0 0 0 0 0 0 0 0 0 0 0 0 0 0 0 0 0 0
0 0 0 0 0 0 0 0 0 0 0 0 0 0 0 0 0 0 0 0 0 0 0 0 0 0 0 0 0 0 0 0 0 0 0 0 0 0 0 0 0 0 0 0 0 0 0 0 0 0 0 0 0 0 0 0 0 0 0 0
0 0 0 0 0 0 0 0 0 0 0 0 0 0 0 0 0 0 0 0 0 0 0 0 0 0 0 0 0 0 0 0 0 0 0 0 0 0 0 0 0 0 0 0 0 0 0 0 0 0 0 0 0 0 0 0 0 0 0 0
0 0 0 0 0 0 0 0 0 0 0 0 0 0 0 0 0 0 0 0 0 0 0 0 0 0 0 0 0 0 0 0 0 0 0 0 0 0 0 0 0 0 0 0 0 0 0 0 0 0 0 0 0 0 0 0 0 0 0 0
0 0 0 0 0 0 0 0 0 0 0 0 0 0 0 0 0 0 0 0 0 0 0 0 0 0 0 0 0 0 0 0 0 0 0 0 0 0 0 0 0 0 0 0 0 0 0 0 0 0 0 0 0 0 0 0 0 0 0 0
0 0 0 0 0 0 0 0 0 0 0 0 0 0 0 0 0 0 0 0 0 0 0 0 0 0 0 0 0 0 0 0 0 0 0 0 0 0 0 0 0 0 0 0 0 0 0 0 0 0 0 0 0 0 0 0 0 0 0 0
0 0 0 0 0 0 0 0 0 0 0 0 0 0 0 0 0 0 0 0 0 0 0 0 0 0 0 0 0 0 0 0 0 0 0 0 0 0 0 0 0 0 0 0 0 0 0 0 0 0 0 0 0 0 0 0 0 0 0 0
0 0 0 0 0 0 0 0 0 0 0 0 0 0 0 0 0 0 0 0 0 0 0 0 0 0 0 0 0 0 0 0 0 0 0 0 0 0 0 0 0 0 0 0 0 0 0 0 0 0 0 0 0 0 0 0 0 0 0 0
0 0 0 0 0 0 0 0 0 0 0 0 0 0 0 0 0 0 0 0 0 0 0 0 0 0 0 0 0 0 0 0 0 0 0 0 0 0 0 0 0 0 0 0 0 0 0 0 0 0 0 0 0 0 0 0 0 0 0 0
0 0 0 0 0 0 0 0 0 0 0 0 0 0 0 0 0 0 0 0 0 0 0 0 0 0 0 0 0 0 0 0 0 0 0 0 0 0 0 0 0 0 0 0 0 0 0 0 0 0 0 0 0 0 0 0 0 0 0 0
0 0 0 0 0 0 0 0 0 0 0 0 0 0 0 0 0 0 0 0 0 0 0 0 0 0 0 0 0 0 0 0 0 0 0 0 0 0 0 0 0 0 0 0 0 0 0 0 0 0 0 0 0 0 0 0 0 0 0 0
0 0 0 0 0 0 0 0 0 0 0 0 0 0 0 0 0 0 0 0 0 0 0 0 0 0 0 0 0 0 0 0 0 0 0 0 0 0 0 0 0 0 0 0 0 0 0 0 0 0 0 0 0 0 0 0 0 0 0 0
0 0 0 0 0 0 0 0 0 0 0 0 0 0 0 0 0 0 0 0 0 0 0 0 0 0 0 0 0 0 0 0 0 0 0 0 0 0 0 0 0 0 0 0 0 0 0 0 0 0 0 0 0 0 0 0 0 0 0 0
0 0 0 0 0 0 0 0 0 0 0 0 0 0 0 0 0 0 0 0 0 0 0 0 0 0 0 0 0 0 0 0 0 0 0 0 0 0 0 0 0 0 0 0 0 0 0 0 0 0 0 0 0 0 0 0 0 0 0 0
0 0 0 0 0 0 0 0 0 0 0 0 0 0 0 0 0 0 0 0 0 0 0 0 0 0 0 0 0 0 0 0 0 0 0 0 0 0 0 0 0 0 0 0 0 0 0 0 0 0 0 0 0 0 0 0 0 0 0 0
