-2.372 -3.023 -4.953 -3.255 -4.236 -5.546 -2.684 -2.654 -4.111 -4.345 -4.347 -3.753 -4.151 -2.717 -3.037 -3.609 -2.278 -2.355 -2.96 -2.701 -2.096 -2.149 -3.699 -2.341 -2.053 -2.422 -3.247 -4.671 -2.851 -2.361 -2.229 -1.912 -3.275 -3.262 -3.255 -1.752 -3.108 -3.391 -2.457 -2.479 -3.149 -3.36 -2.308 -1.918 -1.91 -2.131 -2.381 -1.72 -2.804 -2.122 -3.192 -3.045 -3.18 -2.173 -1.821 -1.861 -1.974 -1.876 -1.832 -1.803
2.801 2.517 3.651 0 4.276 2.316 0 0 0 2.401 2.419 0 0 3.333 2.204 0 1.116 0 1.1 2.044 0 1.15 4.492 3.14 0 3.436 0 0 1.843 0 1.812 0 2.996 1.332 0 0 3.171 0 0.7821 0 2.85 2.843 0 0 1.42 3.756 1.764 0 1.676 0 1.516 1.684 3.1 0 1.661 1.3 1.924 2.324 1.62 0.9004
-2.203 0 -3.092 1.483 -1.699 -2.931 4.032 1.399 0.9318 -1.346 -1.171 1.999 1.432 -1.317 -1.636 1.082 -1.004 1.131 -0.9 -2.26 0.9329 -1.534 -3.739 -3.26 1.349 -3.356 1.932 1.982 -1.475 1.197 -1.787 1.316 -2.685 -2.236 1.132 1.049 -1.675 1.145 -1.051 0.9985 -1.718 -1.892 0.8812 0.7325 -3.403 -3.243 -2.036 0.7653 -1.395 1.099 -1.291 -1.683 -1.643 0.9826 -1.419 -1.434 -2.308 -1.451 -2.324 -1.027
1.891 -2.466 2.083 0 2.893 3.62 0 0 -0.8833 2.228 1.052 -1.783 -0.6833 1.15 1.788 -1.066 4.813 -0.8012 0 6.204 -1.134 1.1 5.395 3.763 -1.233 1.956 -1.133 -1.1 2.78 -1.451 2.676 -1.067 2.394 2.1 0 -1.433 1.268 -1.051 1.45 0 0 1.835 -0.8333 -1.217 3.956 3.5 1.788 -1.233 1.924 0 4.205 2.909 1.083 -0.6327 2.3 0 2.66 1.292 1.884 1.637
-4.046 0 -3.62 -1.332 -4.604 -2.684 -1.215 -1.682 1.05 -1.851 -1.66 0 0.8 -1.133 -2.204 0 -4.701 0.9666 0.7319 -1.603 0.9495 -2.1 -2.253 -2.453 0 -4.396 0 0 -1.484 0 -2.276 0 -2.124 -2.427 -0.7981 0 -1.98 0 -1.15 -0.9819 1.499 0 0 0 -2.123 -1.267 -1.356 0 -1.668 -1.215 -1.068 -2.306 0.6363 0 -1.204 0.8978 -1.739 -1.212 -1.732 -1.531
2.499 1.033 6.339 0 0.5222 3.236 0 1.517 0 1.124 0 2.015 -0.7333 0 1.533 1.249 3.074 -1.567 0 1.748 0 0 1.29 2.427 1.132 3.811 0.6489 1.282 1.772 0.864 1.468 1.531 2.228 1.844 0 1.032 3.484 0.8486 0 0 -1.582 0 0.7819 0.9307 3.764 1.363 3.828 1.282 1.788 0 1.396 3.317 0 0.4819 1.636 -0.9666 1.26 1.812 0 2.237
-3.652 0 -5.532 2.849 0 -2.708 1.215 -0.8833 -1.632 -2.707 0 -1.917 0.7333 1.115 -2.043 -1.667 -2.444 0 -0.9319 -1.981 0 1.047 0 -2.492 -1.383 -2.1 -1.25 0 -1.091 -0.6178 -2.436 -1.768 -2.467 -1.812 1.665 0 0.0372 -1.1 1.765 0.9653 0 -0.8222 -0.8681 -0.7679 -1.491 0 -2.564 -0.6666 -1.819 0.9986 0.5246 -1.996 0 -0.7831 -1.964 0 0 -1.468 0 -1.115
2.092 -2.33 2.475 0 0 2.108 0 0 0 2.845 6.088 0 -0.6832 -1.283 1.148 0 2.643 1.565 0 4.068 -1.076 -1.901 0 1.292 1.099 1.164 1.283 -0.9152 2.445 0 2.259 0 0.8519 0.9949 0 -0.8319 0 0 -1.149 -1.382 1.199 4.837 0 0 2.933 0 2.164 1.451 2.132 -0.782 0 1.355 0 0 1.571 0.6319 0 1.035 0.9349 1.619
0.0754 0 -3.908 -2.215 0 -1.268 -1.014 1.064 0.5817 -1.283 -3.739 1.199 2.117 0 -0.8762 1.049 -1.804 -0.9666 1.149 -0.874 1.485 0.4827 0 1.549 0 -1.011 -1.6 0 -2.403 1.349 0.9566 0.8319 0 0 -0.7 0 0 0.8657 0 0 -0.7179 -2.579 0.7958 0.6806 -1.38 0 -1.587 0 -1.764 0 0 1.661 0 0 -2.669 -0.9838 -1.167 0.7883 -2.589 0
0 1.865 3.5 0 0 1.964 0 -1.051 -0.9488 1.405 2.58 0 -1.349 0.7486 1.46 0 2.452 0.9666 0 0 -0.9651 -1.368 0 0 -0.9498 2.205 0.9154 0.8149 1.763 -2.15 0 -1.1 0 0 0 1.032 0 -0.9328 0.8153 1.75 0 1.115 -1.618 -0.7679 1.308 0 1.149 -1.114 1.669 0.6499 0 0 0 0.8144 2.148 0 2.436 0 1.068 0
0 -1.6 -1.613 1.649 0 -2.06 1.416 0 1.151 0.4531 -1.908 -2.415 0 0 -1.684 -0.632 -1.852 -0.9833 -1.499 0 0 0 0 0 0 -1.956 -1.119 -1.083 0 0 0 0.8173 0 0 1.314 0 0 0.8507 -0.8845 0 0.8653 0 1.75 0 -0.8913 0 -1.036 1.267 -2.131 -0.8499 0 0 0 -0.8834 -1.932 0.7815 -1.644 0 -1.372 0
0 0 2.419 0 0 0 0 0.9153 -0.8166 0 1.468 0.816 1.084 -0.4539 1.179 0 1.34 0 0 0 1.033 1.248 0 0 0.7986 2.978 0 1.283 0 1.264 0 -1.199 0 0 -0.9849 -1.449 0 -2.633 0 -1.215 0 0 0 0.8653 1.012 0 0.6915 -0.95 2.019 0 0 0 0 0 4.379 -1.017 1.579 0 0.7865 0
0 1.465 -1.004 -1.182 0 0 -1.199 -1.15 0 0 0 0 -1.116 0 -1.549 0.8152 -1.403 0.7153 1.065 0 -1.183 0 0 0 -0.5654 0 0.6146 -1.417 0 0 0 0 0 0 0 0 0 0 0.6652 0 -0.7819 0 -0.9981 -0.8833 0 0 1.165 0 -1.332 0.7653 0 0 0 0.9826 -1.405 0 0 0 0 0
0 0 3.004 1.3 0 0 0 0 2.082 0 0 0 0 0 1.458 0 1.204 -0.7166 0 0 0 -1.097 0 0 1.414 0 0 0 0 -0.6332 0 1.182 0 0 0.7411 1.299 0 2.549 0 1.049 0 0 0 0.9166 0 0 0 0.3926 1.659 -0.6461 0 0 0 0 1.564 1.215 0 0 0 0
0 -0.552 -2.22 0 0 0 1.649 0.8319 -1.049 0 -1.207 0 0.9653 0 0 -0.6413 -2.58 1.1 -0.8973 0 0.7986 0 0 0 0 0 -0.4152 0.5736 0 1.1 0 0 0 0 0 -0.8 0 -0.424 -0.914 0 0.6932 0 0.7519 -0.4635 0 0 0 0 0 0 0 0 0 -1.664 -1.475 0 0 0 0 0
0 0 2.252 -0.8153 0 0 0 -0.9907 1.483 0 2.028 0 -0.8499 0 0 0 1.556 -0.7 0.9333 0 -0.1587 0.9665 0 0 0 0 0.522 0 0 0 0 -1.099 0 0 0 0.3466 0 0 1.353 -0.7807 0 0 0 0 0 0 0 0 0 0 0 0 0 0 1.005 -0.4771 0 0 0 0
0 0 -2.205 0.3513 0 0 -0.8819 0 -1.317 0 -0.884 0 0 0 0 0 0.4055 0.4147 0 0 0 -0.9333 0 0 0 0 0 0 0 -2.421 0 1.083 0 0 0 0 0 0 -0.7319 0 0 0 0 0 0 0 0 0 0 0 0 0 0 1.199 1.07 0 0 0 0 0
0 0 2.117 0 0 0 0 0 1.001 0 0.4186 0 0.482 0 0 0 0 0 0 0 0 0 0 0 0 0 0 0 0 0 0 -1.05 0 0 0 0 0 0 0 0.953 0 0 0 0 0 0 0 0 0 0 0 0 0 -1.098 0 0 0 0 0 0
0 0 -1.61 0 0 0 0.8473 0 -0.7833 0 0 0 0 0 0 0 0 0 0 0 0 1.782 0 0 0 0 0 0 0 0 0 0 0 0 0 0 0 0 0.4824 0 0 0 0 0 0 0 0 0 0 0 0 0 0 0 0 0 0 0 0 0
0 0 1.892 0 0 0 -0.3828 0 0.4933 0 0 0 -0.7319 0 0 0 0 0 0 0 0 0 0 0 0 0 0 0 0 0 0 0.5775 0 0 0 0 0 0 -0.7677 0 0 0 0 0 0 0 0 0 0 0 0 0 0 0 0 0 0 0 0 0
0 0 0 0 0 0 0 0 0 0 0 0 0 0 0 0 0 0 0 0 0 -0.7486 0 0 0 0 0 0 0 0 0 0 0 0 0 0 0 0 0.5785 0 0 0 0 0 0 0 0 0 0 0 0 0 0 0 0 0 0 0 0 0
0 0 0 0 0 0 0 0 0 0 0 0 0 0 0 0 0 0 0 0 0 0 0 0 0 0 0 0 0 0 0 0 0 0 0 0 0 0 0 0 0 0 0 0 0 0 0 0 0 0 0 0 0 0 0 0 0 0 0 0
0 0 0 0 0 0 0 0 0 0 0 0 0 0 0 0 0 0 0 0 0 0.6834 0 0 0 0 0 0 0 0 0 0 0 0 0 0 0 0 0 0 0 0 0 0 0 0 0 0 0 0 0 0 0 0 0 0 0 0 0 0
0 0 0 0 0 0 0 0 0 0 0 0 0 0 0 0 0 0 0 0 0 0 0 0 0 0 0 0 0 0 0 0 0 0 0 0 0 0 0 0 0 0 0 0 0 0 0 0 0 0 0 0 0 0 0 0 0 0 0 0
0 0 0 0 0 0 0 0 0 0 0 0 0 0 0 0 0 0 0 0 0 0 0 0 0 0 0 0 0 0 0 0 0 0 0 0 0 0 0 0 0 0 0 0 0 0 0 0 0 0 0 0 0 0 0 0 0 0 0 0
0 0 0 0 0 0 0 0 0 0 0 0 0 0 0 0 0 0 0 0 0 -0.3008 0 0 0 0 0 0 0 0 0 0 0 0 0 0 0 0 0 0 0 0 0 0 0 0 0 0 0 0 0 0 0 0 0 0 0 0 0 0
0 0 0 0 0 0 0 0 0 0 0 0 0 0 0 0 0 0 0 0 0 0.7235 0 0 0 0 0 0 0 0 0 0 0 0 0 0 0 0 0 0 0 0 0 0 0 0 0 0 0 0 0 0 0 0 0 0 0 0 0 0
0 0 0 0 0 0 0 0 0 0 0 0 0 0 0 0 0 0 0 0 0 0 0 0 0 0 0 0 0 0 0 0 0 0 0 0 0 0 0 0 0 0 0 0 0 0 0 0 0 0 0 0 0 0 0 0 0 0 0 0
0 0 0 0 0 0 0 0 0 0 0 0 0 0 0 0 0 0 0 0 0 0 0 0 0 0 0 0 0 0 0 0 0 0 0 0 0 0 0 0 0 0 0 0 0 0 0 0 0 0 0 0 0 0 0 0 0 0 0 0
0 0 0 0 0 0 0 0 0 0 0 0 0 0 0 0 0 0 0 0 0 0 0 0 0 0 0 0 0 0 0 0 0 0 0 0 0 0 0 0 0 0 0 0 0 0 0 0 0 0 0 0 0 0 0 0 0 0 0 0
0 0 0 0 0 0 0 0 0 0 0 0 0 0 0 0 0 0 0 0 0 0 0 0 0 0 0 0 0 0 0 0 0 0 0 0 0 0 0 0 0 0 0 0 0 0 0 0 0 0 0 0 0 0 0 0 0 0 0 0
0 0 0 0 0 0 0 0 0 0 0 0 0 0 0 0 0 0 0 0 0 0 0 0 0 0 0 0 0 0 0 0 0 0 0 0 0 0 0 0 0 0 0 0 0 0 0 0 0 0 0 0 0 0 0 0 0 0 0 0
0 0 0 0 0 0 0 0 0 0 0 0 0 0 0 0 0 0 0 0 0 0 0 0 0 0 0 0 0 0 0 0 0 0 0 0 0 0 0 0 0 0 0 0 0 0 0 0 0 0 0 0 0 0 0 0 0 0 0 0
0 0 0 0 0 0 0 0 0 0 0 0 0 0 0 0 0 0 0 0 0 0 0 0 0 0 0 0 0 0 0 0 0 0 0 0 0 0 0 0 0 0 0 0 0 0 0 0 0 0 0 0 0 0 0 0 0 0 0 0
0 0 0 0 0 0 0 0 0 0 0 0 0 0 0 0 0 0 0 0 0 0 0 0 0 0 0 0 0 0 0 0 0 0 0 0 0 0 0 0 0 0 0 0 0 0 0 0 0 0 0 0 0 0 0 0 0 0 0 0
0 0 0 0 0 0 0 0 0 0 0 0 0 0 0 0 0 0 0 0 0 0 0 0 0 0 0 0 0 0 0 0 0 0 0 0 0 0 0 0 0 0 0 0 0 0 0 0 0 0 0 0 0 0 0 0 0 0 0 0
0 0 0 0 0 0 0 0 0 0 0 0 0 0 0 0 0 0 0 0 0 0 0 0 0 0 0 0 0 0 0 0 0 0 0 0 0 0 0 0 0 0 0 0 0 0 0 0 0 0 0 0 0 0 0 0 0 0 0 0
0 0 0 0 0 0 0 0 0 0 0 0 0 0 0 0 0 0 0 0 0 0 0 0 0 0 0 0 0 0 0 0 0 0 0 0 0 0 0 0 0 0 0 0 0 0 0 0 0 0 0 0 0 0 0 0 0 0 0 0
0 0 0 0 0 0 0 0 0 0 0 0 0 0 0 0 0 0 0 0 0 0 0 0 0 0 0 0 0 0 0 0 0 0 0 0 0 0 0 0 0 0 0 0 0 0 0 0 0 0 0 0 0 0 0 0 0 0 0 0
0 0 0 0 0 0 0 0 0 0 0 0 0 0 0 0 0 0 0 0 0 0 0 0 0 0 0 0 0 0 0 0 0 0 0 0 0 0 0 0 0 0 0 0 0 0 0 0 0 0 0 0 0 0 0 0 0 0 0 0
