-2.842 -12.39 0 -4.642 -2.134 -4.877 -3.298 0 -11.82 -5.431 0 -6.209 -17.13 -3.103 -2.756 -5.127 -3.555 -7.865 -1.648 -2.647 -2.653 -2.031 -3.589 -3.429 -2.24 -3.068 -6.573 -5.689 -3.318 -1.686 -1.618 -4.659 -1.722 -2.548 -2.876 -1.774 -6.015 -3.008 -9.061 -1.882 -4.023 0 -1.613 -1.911 -3.446 -2.5 0 -4.402 -4.611 -0.73 -1.771 -9.946 0 -1.778 -2.807 -1.611 -1.805 -2.474 -8.75 -2.444
2.241 0 0 0 1.693 1.259 0 0 0 4.864 0 0 0 0 1.821 0 1.787 0 0 1.722 0 0 0.4593 2.003 0 2.283 0 0 1.476 0 0 0 0.5558 1.476 0 0 0.9793 0 0 0 0 0 0.7499 0 0.3072 0.7627 0 0 0.2841 0.4833 0.6748 0.5148 0 0.7333 0.9309 4.184 1.956 0.8281 0.2746 0.6754
-3.02 3.999 -0.5189 1.332 -1.819 -3.117 1.266 -6.879 1.582 -2.538 -0.4696 0 0.9319 0.3991 -3.011 0.8652 -1.291 0.6653 0 -3.028 1.699 0.982 -0.524 -3.036 1.699 -0.7476 1.265 0.8328 -3.683 0.7819 0 0 -0.6198 -0.9784 1.099 0.6319 -1.124 0.9973 0.6152 0.7653 0.6819 -0.327 0 0.782 -0.5078 -0.7081 -0.8147 0.6486 0 -0.5321 0 -0.2839 -0.8628 -0.7333 -1.14 0 -0.7788 -1.196 -0.8927 -1.22
0.9399 0 3.635 0 1.22 9.484 0 0 0 4.532 1.428 2.23 0 0 2.54 0 1.516 0 0.5639 1.86 0 -1.367 1.027 1.204 0 0.7077 0 0 1.829 0 0 0.4472 0.4921 0.42 0 0 0.8518 0 0 0 0 0.7632 -0.932 0 0.9796 0.4841 1.26 0 0 0 0 0 0.7237 0 14.93 -2.115 0.7804 0.795 3.332 0.7561
-1.876 -2.265 -3.749 0 -7.589 -3.236 -11.61 1.767 -0.4665 0.6846 -4.332 0 -1.632 -0.5815 -3.1 -1.283 -2.316 -1.415 0 -1.892 -2.099 0 -1.004 -0.2679 -2.049 -0.9562 -0.9489 -1.214 -0.8192 -0.8486 0 0 -0.7011 -0.676 -2.847 -0.9319 -1.14 -0.4665 -0.7141 -0.7653 -0.8161 0 0 -0.9169 -1.516 -0.7401 -0.8601 -0.6002 -0.303 0.4999 -0.3756 0 -0.7485 0.6986 -0.8517 0 -0.7315 -1.22 -0.8438 -1.533
2.403 0 7.835 0 0.9144 0.8521 0 0 0 0 2.348 -4.067 0 0 1.676 0 0 0 -0.7319 1.74 0 0 0.7323 0.604 0 0.7557 0 0 0.8921 0 0 -0.9307 0 0 0 0 1.468 0 0 0.8166 0 0 0.9986 0 0.7079 0.4595 0.5235 0 0.7723 -0.5166 0.7477 0.4472 0.3958 -0.6166 5.18 0.8158 0.6358 1.085 1.228 1.115
-5.572 3.432 0 -0.2935 -1.364 0 2.297 -5.98 0 0 -13.04 0 0.9154 1.649 -0.9483 0.9144 0 0.764 0 -1.812 0.7153 0 -0.8913 -1.628 1.399 -1.476 2.015 0.9986 -0.6273 1.815 0 0 0 0 1.433 0.5307 -2.18 0.6653 0.6018 -0.9 0.6153 -0.3271 -0.8167 0.5625 -1.595 -0.7961 -0.852 0.5136 -0.6199 0 -0.7485 -0.5404 -0.4678 0 -4.859 0 -0.8763 -0.987 -1.428 -0.8124
2.292 0 0 1.735 1.132 0 0 0 0.7638 0 4.884 0.9635 0 0 1.147 0 0.6392 0 1.032 0 0 0 1.276 0 0 0.3314 0 0 1.268 0 0 0 0 0.488 0 0 0.4202 -0.7654 0 0 0 0.3319 0 0 1.205 0.5396 0.9641 -0.7837 1.292 0.5159 0.3389 0.6277 0.5719 0 8.805 -0.698 0.7079 0.5802 0.4683 0.7312
-7.956 -2.299 -2.936 0 -2.476 -0.6231 -2.251 0 0 0 -10.89 0 -0.8486 -2.799 -4.341 -1.382 0 -1.833 0 0 -0.8819 0.1194 -1.044 0 -1.565 -1.045 -1.165 -1.065 -1.156 -1.115 0 0 0.2572 -2.499 -1.999 -0.5832 -0.7317 1.118 -1.113 0.8656 -0.6325 -0.6362 0.5651 -0.8165 -0.7953 -0.3883 -0.8758 0.6162 -0.6594 0 -0.3403 -0.7883 -0.6039 0.7307 -0.9555 0 -0.8366 -0.8598 -0.7871 0.9645
2.756 0 2.883 -5.767 1.443 0.5 0 1.864 -1.915 0 2.971 -16.98 0 0 1.1 0 0 0 0 0 0 0 0.6679 0.72 0 0 0 0 1.532 0 0 0.7888 0 0.7635 0 0 0.6835 0 0 0 0 0.7396 0 0 1.116 0.4756 0.8681 0 1.204 -0.5829 0.2119 0.2432 0.7078 -1.183 3.509 0.6986 0.2986 0.924 1.604 0
-2.58 2.248 -4.46 1.998 0 -0.836 0 0 0 0 1.301 0 1.114 0 0.8215 0.8153 -0.5361 0.8654 0 0 0.7307 -0.8986 -1.268 -5.731 0.5986 0 1.182 0.6805 0.8928 0.9336 0 0 0 0 1.282 0.8653 0 -0.9152 1.382 -2.498 0 -0.4841 -0.6474 0.7152 -0.8043 -0.8766 -0.7001 -0.4652 -1.196 0 -0.428 -0.3567 -0.94 0.65 -2.762 0 -0.8918 0 -1.036 0
0.8679 0 1.083 0 0 0.3954 0 -4.199 2.665 0 0 1.998 0 2.097 0 0 0 0 -1.53 1.981 0 0 0.8677 3.524 0 1.127 0 0 0 0 0 -0.9165 -0.1431 0 0 0 0 0 0 0 0.5967 0.6209 0 0 0.7236 1.315 0.6276 0 0.3478 0.8803 1.732 0 0.396 -1.4 1.284 -0.9323 0.4762 0 0.8118 0
0 -6.865 0 -2.5 0 0 0.3574 0 0 0 0 0 -2.166 0 0 -0.9486 0 -1.732 0 -4.763 -1.583 0 -1.156 -1.909 -0.7985 -0.5558 -1.632 -1.15 0 -0.8636 0 0 4.836 0 -1.149 -0.8489 0 0.7986 -1.031 1.149 0 -0.795 0 -0.8319 0.6604 -1.404 -0.5077 0.614 -0.4681 -0.7 -0.9154 0 -1.268 0 -3.549 0 0.9966 -0.4553 -0.7805 0
0 0 0 0 0 0 0 4.132 -1.815 0 0 -0.5998 0 -2.149 0 0 0.1192 0 1.649 2.676 0 0.9639 1.019 1.036 0 0.3163 0 0 0 0 0 0.8985 -0.7313 0 0 0 0 0 0 0 -0.7986 0.6516 0.6155 0 0 1.148 0.7641 0 0.4204 0 0.6039 0.5999 0.6037 0.9982 4.852 0.6471 0 0.7082 3.172 0
0 1.648 0 1.501 0 0 -3.165 0 0 0 0 0 0.4653 0 0 1.665 0.6447 1.465 0 -0.5874 1.682 0 0 -0.4273 0.5486 1.245 0.8152 0.8666 0 0.5334 0 0 3.573 0 1.132 0.6816 0 -0.6986 1.116 -0.8653 0 -0.8828 -0.7328 0.8319 0 -1.676 -0.8439 -0.9652 -0.6275 0.9955 -2.148 -0.8663 -0.8925 0 -2.644 0 0 -0.5316 -1.828 0
0 0 0 0 0 0 0 -1.865 0 0 0 2.017 0 0.965 0 0 0 0 -0.6319 1.068 0 -2.115 0 0.8756 0 0 0 0 0 0 0 -1.949 -1.827 0 0 -0.85 0 0 0 0 0.8319 0 0 0 0 1.284 3.772 0 0.4593 0 0.764 0 0.5395 -1.848 0.7802 -0.9161 0 0.4597 0.2589 0
0 0 0 0 0 0 0 0 0 0 0 0 -0.8152 0 0 -1.265 0 -0.9319 0 0 -1.798 0 0 -0.6921 -0.766 0 -0.9986 -0.8639 0 -0.9792 0 0 1.044 0 -2.365 0 0 0.6486 -0.7471 0.4985 0 0 0.5986 -1.048 0 -0.9728 -1.428 0.7331 0 0 -0.4996 0 -0.8195 0 -1.154 0 0 0 0 0
0 0 0 0 0 0 0 0 0 0 0 -0.8305 0 -0.3561 0 0 0 0 1.532 0 0 0 0 0.5167 0 0 0 0 0 0 0 0.965 0 0 0 0.8153 0 -1.283 0 0 -1.647 0.2401 0 0 0 0.8271 0.8916 0 0 0 0.6756 0.1271 0.4846 1.114 1.812 0.6153 0 0 0 0
0 -1.716 0 0 0 0 0.2672 0.364 0.06132 0 0 0 0.7153 0 0 0.5474 0 0.8154 0 0 2.599 0.9967 0 -2.059 0.5815 0 0.7502 0.9486 0 0.3831 0 0 0 0 1.115 -1.2 0 0 0.3165 -0.7504 0 -1.068 -0.9818 0 0 1.484 -2.012 -0.6486 0 0 -0.9408 -1.693 -0.3635 0 0 0 0 0 0 0
0 0 0 0 0 0 -3.6 0 0 0 0 0 0 0 0 0 0 0 -1.882 0 0 0 0 1.148 0 0 0 0 0 0 0 -1.165 0 0 0 0 0 1.013 -0.9334 0 0.7498 0.3315 0 0.4639 0 0 2.228 0 0 0 4.235 0 1.7 -0.6331 0 -0.6818 0 0 0 0
0 0 0 0 0 0 0 -0.8486 -1.297 0 0 0 -2.232 0 0 -0.7665 0 -0.4652 0 0 -2.599 -0.5653 0 -0.8356 0 0 -0.9969 -1.065 0 -0.882 0 0 0 0 -0.5161 0.6136 0 0 0 0.5632 0 -3.964 0.5319 -0.6499 0 0 0 0.3927 0 0 -1.411 0 0 0 0 0 0 0 0 0
0 1.588 0 0 0 0 0 0 0 0 0 0.1475 0 0 0 0 0 0 0.7034 0 0 0 0 0.58 0 0 0 0 0 0 0 1.165 0 0 0 0 0 0 0.5319 0 -0.7318 1.692 0 0 0 0 0 0 0 0 0.5481 0.1993 0 0.3339 0 0.6653 0 0 0 0
0 0 0 0 0 0 0 0.5494 0 0 0 0 0.8819 0 0 0.6473 0 0.922 0 0 0.9827 0.5323 0 -1.317 0 0 0.982 1.182 0 0.7986 0 0 0 0 0 0 0 0 0 -0.8473 0 -0.4196 -2.134 1.105 0 0 0 0 0 0 -1.524 -0.5957 0 0 0 0 0 0 0 0
0 0 0 0 0 0 0 0 0 0 0 -1.548 0 0 0 0 0 0 0 0 0 0 0 0.8116 0 0 0 0 0 0 0 -1.216 0 0 0 0 0 0 -0.8819 0 0.6153 0.6277 0 0 0 0 0 0 0 0 0.8445 0.4761 0 0 0 -0.6974 0 0 0 0
0 0 0 0 0 0 0 -0.9174 0.2338 0 0 0 -1.382 0 0 -1.199 0 0 0 0 -1.681 -0.9982 0 1.677 0 0 -1.065 -0.8485 0 -0.7307 0 0 0 0 0 0 0 0 0 1.35 0 0 0.6803 0 0 0 0 0 0 0 -2.508 -0.9001 0 0 0 0 0 0 0 0
0 0 0 0 0 0 0 0 0 0 0 0 0 0 0 0 0 0 0 0 0 0 0 0 0 0 0 0 0 0 0 1.114 0 0 0 0 0 0 0.6153 0 -0.7306 0 0 0 0 0 0 0 0 0 0 0.6439 0 0 0 0.8153 0 0 0 0
0 0 0 0 0 0 0 0 -2.349 0 0 0.8789 0.5649 0 0 0 0 0 0 0 0.4506 0.964 0 0 0 0 0.8986 0.5703 0 0.5047 0 0 0 0 0 0 0 0 0 -1.182 0 -0.3275 -0.9474 0 0 0 0 0 0 0 0 -2.027 0 0 0 0 0 0 0 0
0 0 0 0 0 0 0 0 0 0 0 0 0 0 0 1.148 0 0 0 0 0 0 0 0 0 0 0 0 0 0 0 -0.9832 0 0 0 0 0 0 -0.5324 0 0 0.4518 0 0 0 0 0 0 0 0 0.2552 0.724 0 0 0 -1.218 0 0 0 0
0 0 0 0 0 0 0 0 1.232 0 0 0 -0.9474 0 0 0 0 0 0 0 0 -1.208 0 0 0 0 -0.7485 0 0 0 0 0 0 0 0 0 0 0 0 0 0 -1.06 0 0 0 0 0 0 0 0 -1.428 -1.036 0 0 0 0 0 0 0 0
0 0 0 0 0 0 0 0 0 0 0 0 0 0 0 -0.3734 0 0 0 0 0 0 0 0 0 0 0 0 0 0 0 0.6241 0 0 0 0 0 0 0.3545 0.6194 0 1.292 0 0 0 0 0 0 0 0 0.756 0.9645 0 0 0 0.647 0 0 0 0
0 0 0 0 0 0 0 0 -7.199 0 0 0 1.833 0 0 0 0 0 0 0 0 0 0 0 0 0 0.6026 0 0 0 0 0 0 0 0 0 0 0 0 0 0 -1.291 0 0 0 0 0 0 0 0 -0.6275 1.373 0 0 0 0 0 0 0 0
0 0 0 0 0 0 0 0 0 0 0 0 0 0 0 0 0 0 0 0 0 0 0 0 0 0 0 0 0 0 0 0 0 0 0 0 0 0 0 0 0 0.9883 0 0 0 0 0 0 0 0 0.396 0 0 0 0 -1.26 0 0 0 0
0 0 0 0 0 0 0 0 0.5492 0 0 0 0 0 0 0 0 0 0 0 0 0 0 0 0 0 0 0 0 0 0 0 0 0 0 0 0 0 0 0 0 1.173 0 0 0 0 0 0 0 0 -1.1 0 0 0 0 0 0 0 0 0
0 0 0 0 0 0 0 0 0 0 0 0 0 0 0 0 0 0 0 0 0 0 0 0 0 0 0 0 0 0 0 0 0 0 0 0 0 0 0 0 0 0 0 0 0 0 0 0 0 0 3.108 0 0 0 0 0 0 0 0 0
0 0 0 0 0 0 0 0 -2.515 0 0 0 -0.2323 0 0 0 0 0 0 0 0 0 0 0 0 0 0 0 0 0 0 0 0 0 0 0 0 0 0 0 0 0 0 0 0 0 0 0 0 0 -1.196 0 0 0 0 0 0 0 0 0
0 0 0 0 0 0 0 0 0 0 0 0 0 0 0 0 0 0 0 0 0 0 0 0 0 0 0 0 0 0 0 0 0 0 0 0 0 0 0 0 0 0 0 0 0 0 0 0 0 0 0.2996 0 0 0 0 0 0 0 0 0
0 0 0 0 0 0 0 0 1.599 0 0 0 0.9171 0 0 0 0 0 0 0 0 0 0 0 0 0 0 0 0 0 0 0 0 0 0 0 0 0 0 0 0 0 0 0 0 0 0 0 0 0 -0.8042 0 0 0 0 0 0 0 0 0
0 0 0 0 0 0 0 0 0 0 0 0 0 0 0 0 0 0 0 0 0 0 0 0 0 0 0 0 0 0 0 0 0 0 0 0 0 0 0 0 0 0 0 0 0 0 0 0 0 0 1.444 0 0 0 0 0 0 0 0 0
0 0 0 0 0 0 0 0 -3.182 0 0 0 0 0 0 0 0 0 0 0 0 0 0 0 0 0 0 0 0 0 0 0 0 0 0 0 0 0 0 0 0 0 0 0 0 0 0 0 0 0 -1.692 0 0 0 0 0 0 0 0 0
0 0 0 0 0 0 0 0 0 0 0 0 0 0 0 0 0 0 0 0 0 0 0 0 0 0 0 0 0 0 0 0 0 0 0 0 0 0 0 0 0 0 0 0 0 0 0 0 0 0 1.02 0 0 0 0 0 0 0 0 0
0 0 0 0 0 0 0 0 4.749 0 0 0 0 0 0 0 0 0 0 0 0 0 0 0 0 0 0 0 0 0 0 0 0 0 0 0 0 0 0 0 0 0 0 0 0 0 0 0 0 0 -0.4996 0 0 0 0 0 0 0 0 0
0 0 0 0 0 0 0 0 0 0 0 0 0 0 0 0 0 0 0 0 0 0 0 0 0 0 0 0 0 0 0 0 0 0 0 0 0 0 0 0 0 0 0 0 0 0 0 0 0 0 1.788 0 0 0 0 0 0 0 0 0
0 0 0 0 0 0 0 0 -1.268 0 0 0 0 0 0 0 0 0 0 0 0 0 0 0 0 0 0 0 0 0 0 0 0 0 0 0 0 0 0 0 0 0 0 0 0 0 0 0 0 0 -1.436 0 0 0 0 0 0 0 0 0
0 0 0 0 0 0 0 0 0 0 0 0 0 0 0 0 0 0 0 0 0 0 0 0 0 0 0 0 0 0 0 0 0 0 0 0 0 0 0 0 0 0 0 0 0 0 0 0 0 0 0.708 0 0 0 0 0 0 0 0 0
0 0 0 0 0 0 0 0 0 0 0 0 0 0 0 0 0 0 0 0 0 0 0 0 0 0 0 0 0 0 0 0 0 0 0 0 0 0 0 0 0 0 0 0 0 0 0 0 0 0 -0.7639 0 0 0 0 0 0 0 0 0
0 0 0 0 0 0 0 0 0 0 0 0 0 0 0 0 0 0 0 0 0 0 0 0 0 0 0 0 0 0 0 0 0 0 0 0 0 0 0 0 0 0 0 0 0 0 0 0 0 0 0.4996 0 0 0 0 0 0 0 0 0
